188
229
317
332
385
464
621
693
719
822
936
996
1134
1705
1772
1815
1953
1969
2039
2130
2178
2398
2604
3059
3211
3237
3595
3651
3797
3929
3998
4068
4137
4310
4366
4396
4434
4741
4777
4839
4854
4960
5110
5158
5161
5805
5856
5981
5987
6142
6145
6222
6233
6311
6444
6724
7111
7148
7156
7212
7373
7446
7547
7582
7613
7622
7665
7840
7992
8182
8288
8291
8302
8339
8527
8953
9015
9139
9172
9313
9590
9790
9835
9866
10012
10036
10111
10211
10279
10287
10374
10423
10537
10649
10780
10793
10858
10898
10977
11046
11068
11161
11302
11303
11356
11380
11496
11522
11529
11536
11570
11669
11709
11974
12140
12518
12855
12923
12924
12972
12974
12993
13276
13278
13355
13570
13628
13837
13870
13951
13988
14031
14053
14722
14745
14747
14774
15026
15072
15262
15418
15462
15514
15665
15780
15860
15923
16053
16177
16538
16648
16862
17033
17139
17445
17523
17532
17535
17668
17823
17967
18071
18224
18514
18565
18573
18839
18987
19064
19104
19207
19271
19318
19327
19344
19512
19930
20133
20137
20234
20394
20499
20625
20674
20712
20813
20961
20980
21088
21151
21227
21247
21530
21536
21586
21759
21795
21937
22028
22084
22108
22137
22311
22345
22455
22571
22603
22605
22642
22709
22741
22826
22867
22921
23291
23397
23477
23554
23571
23651
23752
23761
23912
23994
24001
24063
24212
24266
24292
24343
24356
24374
24410
24420
24642
24665
24787
24860
24979
25005
25015
25025
25117
25441
25464
25592
25708
25804
25932
25977
26000
26191
26194
26209
26266
26408
26448
26490
26510
26914
26920
26941
27197
27397
27498
27503
27518
27595
27599
27600
27640
27731
27879
27953
28110
28159
28420
28438
28445
28599
28615
28861
28881
28895
29027
29077
29114
29165
29181
29262
29267
29393
29394
29540
29654
29663
29727
29875
30192
30279
30399
30485
30518
30521
30728
30737
30751
30946
31034
31067
31164
31293
31315
31405
31409
31573
31617
31817
31919
32358
32395
32397
32512
32523
32547
32565
32666
32668
32757
33094
33100
33114
33187
33204
33335
33519
33587
33621
33697
33777
33850
33854
34063
34144
34153
34265
34271
34358
34425
34425
34434
34472
34476
34496
34530
34593
34614
34637
34651
34669
34718
34745
34748
34858
34908
34928
34966
35342
35445
35466
35679
35757
35762
35829
36037
36046
36217
36220
36228
36248
36376
36380
36890
36995
37034
37124
37139
37596
37665
37726
37812
37848
37867
37901
37950
38043
38276
38520
38563
38763
38846
38897
38972
39027
39138
39151
39216
39252
39363
39395
39400
39460
39576
39633
39648
39725
39732
39758
39840
39927
39939
40064
40173
40188
40318
40363
40439
40528
40929
41206
41237
41256
41318
41432
41449
41503
41544
41630
41815
42249
42309
42461
42481
42780
42787
42797
42844
42853
42963
43174
43584
43655
43739
44247
44291
44337
44347
44630
44714
44932
44958
44964
44994
45057
45091
45127
45140
45255
45262
45300
45329
45365
45481
45482
45890
46234
46288
46294
46339
46433
46439
46443
46531
46560
46570
46676
46846
46882
46907
47012
47018
47083
47155
47270
47354
47537
47578
47601
47713
47801
47904
48106
48117
48171
48337
48360
48433
48446
48636
48748
48846
48889
49304
49375
49465
49656
49811
50007
50120
50346
50388
50456
50648
50840
50937
50969
51036
51090
51117
51222
51461
51738
51840
51879
51925
51951
51970
52063
52269
52500
52551
52612
52641
52748
53110
53128
53143
53173
53221
53487
53503
53548
53739
53798
53803
53855
53888
53914
54078
54252
54366
54389
54522
54616
54998
55028
55063
55289
55402
56058
56162
56170
56616
56694
56696
56743
56813
56880
56905
57066
57120
57217
57419
57452
57493
57563
57706
57934
57988
57990
58104
58185
58451
58531
58672
58817
58936
58990
59086
59241
59357
59622
59675
59711
59849
59906
60050
60056
60338
60338
60355
60358
60518
60558
60724
60814
60938
61075
61322
61391
61401
61439
61491
61531
61595
61727
61910
61917
61989
62022
62174
62212
62269
62316
62423
62499
62511
62594
62649
62676
62773
62802
62856
62889
62954
62956
62988
63063
63215
63249
63297
63388
63394
63554
63597
63660
63666
63709
63809
64346
64428
64433
64435
64642
64818
64827
64906
64955
65562
65680
66009
66147
66387
66445
66585
66639
66929
66985
67104
67144
67312
67314
67404
67432
67457
67641
67710
67779
67797
68294
68432
68734
68837
68960
68983
69120
69145
69158
69291
69340
69383
69398
69522
69707
69708
69744
69823
70076
70262
70328
70416
70559
70678
70749
70758
70895
70903
70975
71029
71109
71157
71162
71220
71545
71735
71788
71867
71943
71958
71963
72167
72193
72408
72491
72504
72507
72557
72719
72800
72886
73018
73219
73317
73489
73766
73789
73819
73895
74139
74379
74548
74562
74672
74876
75199
75228
75524
75562
75650
75798
75818
75835
75862
75880
76007
76046
76260
76393
76426
76648
76662
76879
77058
77175
77508
77523
77543
77553
77607
77875
78064
78066
78146
78175
78268
78401
78655
78679
78713
78834
78842
78847
78933
79005
79254
79255
79274
79355
79465
79665
80165
80200
80228
80569
80850
80942
81010
81144
81194
81695
81750
81796
82089
82272
82427
82697
82738
82776
82875
82992
83037
83060
83200
83357
83426
83532
83547
83556
83663
83797
83838
83973
84004
84128
84165
84194
84280
84544
84553
84586
84608
84752
84756
84885
84958
84992
85084
85098
85115
85115
85151
85353
85381
85690
85801
85816
85933
86064
86305
86343
86481
86542
86579
86627
86640
86760
86776
86860
87505
87624
87786
87853
87985
88391
88453
88782
88872
89013
89101
89332
89458
89585
89755
89831
89950
90080
90717
90789
90828
90833
90976
90997
91071
91084
91185
91321
91357
91467
91545
91687
91697
91786
91792
91954
92068
92129
92188
92202
92268
92275
92277
92289
92355
92654
92691
92813
92858
92886
92994
93270
93320
93362
93417
93508
93563
93641
93707
93773
93820
93920
93991
94009
94134
94320
94599
94600
94651
94695
94829
94856
95081
95173
95452
95473
95510
95657
95692
95956
96053
96087
96178
96191
96357
96369
96615
96771
96822
96993
97058
97099
97139
97270
97279
97292
97407
97572
97591
97709
97737
97973
98089
98253
98352
98371
98412
98478
98597
98858
98906
99048
99087
99177
99187
99246
99296
99305
99332
99388
99497
99579
99610
99656
99695
99816
99908
100005
100087
100265
100401
100590
100731
100873
101051
101152
101448
101538
101703
101837
101859
101926
102072
102121
102127
102140
102279
102377
102413
102479
102484
102515
102548
102647
102673
102860
103027
103078
103226
103403
103419
103559
103609
103628
103736
103821
103876
104055
104094
104320
104434
104534
104610
104722
104926
104969
105173
105183
105201
105238
105251
105392
105491
105544
105607
105756
105782
105841
105888
105932
105940
106030
106041
106122
106141
106147
106195
106399
106462
106496
106498
106544
106587
106608
106679
106854
106905
106963
107044
107146
107173
107413
107486
107537
107643
107887
107890
108138
108157
108160
108178
108191
108225
108268
108370
108392
108467
108469
108567
108729
108808
108818
108901
109061
109130
109451
109582
109765
109779
109994
110095
110147
110320
110543
110713
110773
110810
110908
110956
110993
111122
111152
111382
111403
111410
111486
111520
111613
111643
111647
111657
111735
111930
111978
112028
112147
112220
112282
112301
112342
112372
112399
112493
112660
112815
112847
112890
113020
113087
113136
113161
113217
113580
113793
113803
113870
113997
114078
114146
114147
114171
114175
114193
114195
114274
114337
114467
114489
114662
114757
114850
114946
115081
115112
115424
115656
115683
115707
115726
115749
115883
115956
115965
115973
116007
116063
116093
116110
116128
116174
116239
116380
116532
116578
116757
116757
116818
116905
116981
117028
117028
117186
117192
117193
117252
117325
117421
117584
117729
117732
117965
118206
118326
118387
118571
118603
118615
118626
118635
118656
119077
119094
119151
119262
119279
119501
119573
119764
119816
120049
120158
120419
120541
120703
120784
120948
120975
121102
121204
121216
121311
121407
121423
121625
121711
121865
121917
122483
122487
122517
122713
122847
122941
122971
123063
123082
123154
123457
123499
123531
123644
123707
123714
123730
123878
123879
123903
124144
124177
124207
124341
124519
124599
124601
124943
124970
125065
125084
125125
125409
125730
126020
126104
126117
126133
126438
126549
126697
126963
127160
127182
127205
127351
127477
127723
127828
127884
127890
127922
127925
127981
127998
128009
128272
128285
128327
128329
128397
128614
128700
128822
128978
129247
129259
129371
129419
129450
129707
129867
129985
130086
130247
130254
130277
130371
130608
130642
130786
130941
130974
130986
131022
131046
131316
131387
131557
131574
131627
131978
132095
132098
132241
132380
132482
132762
132851
132945
132952
133076
133164
133396
133409
133539
133621
133636
133793
133851
133890
134067
134151
134183
134207
134210
134371
134414
134418
134491
134500
134533
134623
134701
134749
134768
134831
134926
135021
135034
135095
135166
135237
135282
135364
135441
135514
135549
135633
135661
135768
135839
135972
136095
136106
136139
136302
136309
136432
136476
136503
136538
136544
136676
136893
136904
136965
136985
137014
137124
137137
137336
137432
137755
137903
137940
137964
138012
138254
138273
138286
138385
138494
138765
138919
138994
139099
139102
139147
139338
139356
139371
139470
139483
139703
140127
140177
140314
140468
140735
140790
140836
140917
140934
141021
141113
141189
141209
141375
141380
141492
141637
141672
141959
142160
142224
142314
142576
142800
142853
142874
142986
143063
143076
143137
143180
143224
143281
143379
143414
143435
143467
143632
143649
143819
143893
144192
144196
144211
144328
144490
144517
144617
144790
144924
144945
145031
145275
145419
145474
145606
145706
145773
145887
145996
146012
146204
146471
146635
146680
146742
146768
146912
147035
147113
147197
147265
147312
147386
147466
147660
147705
147846
148041
148055
148155
148422
148451
148474
148492
148541
148584
148650
148720
148783
148800
148892
149055
149165
149195
149340
149384
149435
149449
149527
149642
149727
149796
149840
149895
149919
150306
150357
150424
150568
150589
150610
150704
150955
151101
151198
151472
151487
151506
151508
151731
151979
152091
152091
152092
152111
152123
152253
152491
152773
153021
153286
153355
153419
153458
153472
153522
153758
153864
154000
154110
154123
154176
154299
154303
154352
154415
154533
154709
155000
155191
155222
155262
155328
155399
155444
155468
155580
155653
155688
155769
155856
155931
156048
156050
156068
156131
156212
156265
156450
156504
156657
156659
156724
156869
156961
157198
157236
157278
157337
157475
157816
157840
157855
157982
158025
158098
158133
158663
158736
158761
158896
159056
159082
159211
159415
159437
159470
159553
159576
159619
159724
159795
160034
160225
160331
160581
160626
160640
160721
160758
160793
160811
160855
160893
160930
161048
161086
161165
161251
161319
161374
161694
161715
161744
161797
161810
161989
162016
162161
162388
162538
162626
162637
162853
163491
163511
163719
163752
163816
163974
163977
164032
164121
164226
164308
164496
164663
164767
164775
165036
165088
165135
165135
165495
165735
165765
165901
166024
166102
166205
166216
166398
166684
166875
166970
167104
167180
167459
167474
167490
167792
167814
168160
168309
168549
168774
168835
168880
168909
168910
169234
169327
169589
169697
169708
170002
170043
170052
170066
170344
170372
170462
170520
170624
170650
170690
170705
170708
170937
170949
170968
171132
171160
171185
171390
171439
171554
172043
172070
172132
172143
172174
172416
172463
172653
172687
172832
172894
172925
173104
173175
173206
173237
173283
173289
173301
173425
173441
173476
173530
173665
173919
174012
174168
174169
174279
174348
174390
174521
174571
174591
174612
174636
174675
174738
175115
175315
175357
175403
175410
175532
175643
175702
176115
176133
176180
176185
176278
176298
176306
176332
176495
176554
176584
176715
176954
176993
177182
177498
177572
177588
177755
177856
177873
177925
178391
178498
178545
178659
178808
178932
178983
179069
179179
179277
179312
179341
179449
179469
179698
179976
180025
180100
180121
180167
180551
180593
180636
180816
181529
181776
181826
181843
181969
182073
182190
182393
182415
182538
182692
182796
182949
183013
183058
183102
183114
183155
183194
183246
183269
183274
183294
183423
183442
183529
183639
183816
183884
184125
184686
184714
184845
184850
184979
185091
185129
185231
185245
185294
185296
185315
185319
185494
185508
185714
185730
186383
186494
186555
186612
186665
186680
186683
186770
186803
187007
187328
187335
187510
187534
187582
187852
187980
188033
188048
188185
188192
188485
188614
188666
188701
188784
188854
188945
188977
189397
189428
189444
189467
189773
189844
189866
189968
189999
190190
190340
190368
190379
190439
190510
190685
190722
190735
190794
190995
191352
191489
191898
192015
192244
192384
192728
192851
192977
192985
193067
193192
193253
193298
193307
193365
193395
193415
193476
193533
193680
193782
194057
194068
194162
194179
194320
194388
194416
194464
194506
194632
194643
194702
194911
195179
195197
195362
195434
195522
195585
195664
195704
195841
195858
195860
195980
195982
196032
196178
196199
196199
196268
196410
196533
196681
196776
196809
196856
196881
197027
197064
197176
197210
197261
197487
197524
197872
197896
197954
198140
198142
198159
198330
198467
198662
198703
198921
198965
198983
199169
199297
199466
199504
199736
199738
199742
199782
199896
200162
200232
200458
200506
200558
200579
200752
200781
200790
200796
200806
200915
200916
201309
201326
201425
201582
201630
201674
201715
201813
201819
201876
201893
201918
202023
202113
202141
202155
202300
202441
202661
202923
202930
202941
203066
203080
203316
203320
203347
203506
203651
203949
204017
204099
204239
204251
204331
204374
204688
204766
204904
204917
204983
205126
205178
205183
205299
205415
205553
205715
205923
205984
206281
206416
206451
206626
206802
206813
206841
206870
207040
207052
207065
207201
207336
207353
207710
207989
208095
208280
208405
208515
208589
208829
208891
208936
209029
209234
209353
209406
209424
209449
209583
209626
209677
209688
209789
209790
209817
209925
210002
210062
210242
210384
210589
210693
210721
210856
210942
211038
211050
211073
211120
211252
211455
211594
211620
211622
211749
211761
211850
211888
212053
212113
212353
212383
212745
212761
213045
213081
213360
213583
213619
213623
213683
213841
213859
214087
214151
214259
214299
214380
214580
214888
215011
215180
215192
215262
215355
215490
215507
215530
215539
215780
215864
215996
216105
216307
216514
216532
216729
216764
216821
216829
216885
217294
217391
217597
217787
217809
217818
217860
217929
217979
217982
218618
218623
218875
219004
219027
219100
219239
219391
219427
219735
219740
219775
219813
219838
219866
219933
220253
220427
220434
220512
220593
220641
220833
220920
220952
221027
221135
221152
221194
221426
221479
221621
221737
222120
222171
222344
222977
223260
223338
223346
223360
223391
223480
223741
223742
223864
223909
224159
224167
224176
224222
224345
224358
224390
224546
224606
224833
225014
225091
225212
225227
225259
225359
225385
225472
225557
225629
225638
225884
225886
226018
226136
226218
226224
226313
226485
226538
226556
226583
226763
227081
227131
227220
227227
227263
227386
227389
227636
227677
227754
227876
228076
228113
228153
228201
228247
228424
228530
228750
228829
228926
229015
229027
229029
229051
229125
229375
229484
229525
229535
229540
229703
229735
229824
229849
229966
230229
230625
231079
231498
231529
231714
231816
231854
231952
231967
232009
232022
232091
232163
232331
232352
232399
232436
232926
232944
232962
232997
233154
233317
233536
233785
234181
234528
234592
234646
234806
235125
235168
235232
235376
235385
235387
235518
235551
235612
235698
235699
235826
235881
236062
236099
236141
236154
236186
236235
236553
236588
236774
236956
237007
237111
237167
237501
237614
237753
237772
237822
237943
238158
238183
238429
238520
238553
238555
238763
238818
238825
239117
239434
239453
239549
239642
239694
239743
239785
239823
240140
240146
240168
240235
240284
240484
240629
240697
240697
240804
240826
240889
240986
241117
241320
241410
241635
241714
241784
241955
241982
241988
242034
242158
242176
242247
242274
242279
242490
242490
242567
242652
242674
242724
242743
243225
243433
243488
243555
243697
243756
243888
244081
244114
244154
244373
244376
244717
244745
244896
245077
245260
245308
245351
245491
245657
245682
245683
245690
245716
246119
246136
246157
246190
246252
246287
246369
246391
246397
246406
246416
246454
246692
246760
246781
246919
247011
247112
247490
247515
247579
247668
247804
247832
247833
248003
248059
248208
248230
248283
248364
248401
248430
248659
248660
248847
248848
248924
249023
249071
249137
249266
249381
249459
249508
249767
249846
249949
250170
250295
250370
250396
250495
250570
250907
250914
251001
251178
251205
251529
251562
251705
251743
251942
252010
252029
252131
252133
252256
252389
252478
252485
252601
252858
253042
253077
253252
253335
253605
253674
253693
253705
253765
253818
253971
253978
254106
254112
254141
254351
254477
254497
254556
254652
254732
254857
255084
255223
255271
255367
255445
255471
255792
255840
255965
255982
256240
256450
256458
256542
256559
256598
256637
256725
257086
257266
257370
257410
257412
257516
257581
257796
257858
257864
258151
258389
259171
259181
259222
259223
259317
259342
259507
259637
259724
259743
259835
259879
259892
259969
260106
260262
260517
260534
260581
260638
260697
260841
260893
260914
261056
261056
261104
261203
261406
261476
261548
261581
261784
262100
262223
262231
262294
262312
262691
262877
262906
262914
263217
263508
263602
263806
263896
263908
263925
263941
263972
264054
264102
264104
264106
264114
264223
264320
264655
264659
264686
264710
264747
265115
265121
265217
265411
265415
265716
265779
265804
266033
266129
266340
266508
266583
266641
266694
266711
266720
266776
266844
266953
267137
267251
267440
267550
268093
268104
268449
268468
268535
268570
268598
268644
268832
268977
269051
269067
269154
269320
269360
269521
269595
269691
269692
269791
269812
269816
269899
269916
269962
270008
270480
270499
270503
270521
270609
270847
270934
270948
271213
271239
271275
271328
271333
271353
271550
271602
271633
271698
271709
271791
272128
272136
272363
272446
272546
272599
272640
272647
272902
272933
272966
273287
273344
273832
273859
273928
273974
273985
274497
274718
274753
274779
274843
274913
274942
275067
275124
275126
275131
275389
275400
275453
275463
275522
275578
275733
275799
275810
275880
276070
276209
276215
276303
276324
276383
276477
276842
276917
276975
277001
277414
277434
277439
277452
277481
277638
277785
277894
278095
278105
278272
278371
278512
278689
278696
278738
278747
278980
279035
279043
279131
279255
279261
279263
279481
279514
279745
279751
279807
279824
279900
279906
280053
280307
280502
280541
280855
280946
280960
280972
281056
281104
281131
281135
281156
281183
281251
281256
281385
281394
281507
281528
281536
281594
281625
281690
281700
281868
281930
281935
282001
282082
282223
282257
282298
282424
282525
282615
282651
282716
282741
282816
282875
282925
283272
283372
283405
283500
283554
283630
283743
283872
283888
283890
283928
283945
284008
284070
284238
284305
284346
284532
284591
284949
285287
285296
285463
285541
285603
285687
285727
285748
285991
286034
286043
286094
286096
286254
286398
286551
286717
286748
286801
286883
286905
287144
287224
287251
287286
287399
287424
287508
287581
287609
287650
287689
287769
287793
288409
288431
288464
288541
288651
288951
289213
289301
289305
289328
289359
289372
289638
289640
289687
289762
289770
289826
289859
289954
289985
290146
290327
290331
290466
290485
290748
290815
290861
290999
291040
291082
291103
291455
291563
291794
291894
291957
291978
292164
292179
292192
292210
292244
292326
292333
292409
292500
292809
292884
292936
292956
292977
293184
293323
293762
293864
293916
293965
294140
294262
294358
294359
294542
294572
294580
294592
294597
294744
294829
294875
295231
295351
295478
295763
295856
295858
295944
296023
296098
296164
296254
296574
296846
296954
297015
297040
297165
297268
297301
297499
297535
297622
297710
297777
297805
297902
297993
298172
298299
298345
298356
298579
298694
298778
298809
298941
298976
299014
299091
299201
299297
299326
299328
299349
299569
299634
299818
299861
299870
300053
300061
300063
300196
300221
300265
300309
300335
300356
300510
300778
300984
301172
301176
301203
301332
301463
301604
301621
301666
301720
301753
301864
301878
302053
302129
302376
302485
302510
302658
302734
302756
302828
303058
303100
303107
303235
303286
303473
303488
303543
303581
303616
303798
303803
303878
303939
303996
304101
304121
304177
304514
304618
304654
304654
305086
305305
305332
305432
305437
305522
305700
305908
305988
306058
306124
306246
306325
306639
306729
306890
306912
307246
307283
307293
307448
307712
307772
307825
307848
307882
307891
307993
308080
308182
308198
308640
308815
308828
308865
309160
309216
309231
309312
309327
309355
309401
309610
309613
309643
310129
310277
310300
310334
310454
310497
310511
310547
310790
310984
310988
311162
311391
311485
311499
311504
311508
311563
311565
311594
311676
311717
311727
311802
311944
312005
312246
312360
312576
312685
312766
312878
313002
313110
313148
313310
313596
313628
313675
313938
313947
313969
314031
314355
314410
314464
314466
314752
314825
314849
314998
315137
315209
315240
315380
315398
315473
315633
315653
315709
315779
315862
315900
315924
315928
316020
316028
316058
316402
316430
316450
316540
316555
316556
316583
316805
316857
316921
316974
317034
317277
317424
317602
317719
317745
318634
319106
319285
319350
319550
319622
319656
319740
319881
319897
319941
320054
320152
320179
320291
320455
320545
320584
320868
321062
321159
321175
321441
321496
321692
321860
322188
322204
322547
322590
322789
323122
323303
323384
323470
323491
323885
323970
324044
324141
324153
324196
324237
324301
324332
324396
324425
324437
324633
324645
324762
324855
324858
325077
325201
325562
325610
325626
325675
325991
326004
326072
326149
326686
326955
327014
327031
327086
327101
327324
327349
327433
327498
327522
327566
327654
327789
328001
328225
328453
328478
328562
328589
328762
328797
328945
329135
329201
329230
329284
329342
329855
329947
330122
330425
330947
331100
331170
331215
331520
331849
331921
331937
332180
332195
332571
332572
332573
332650
332695
332714
332856
333176
333429
333878
334107
334226
334327
334378
334462
334558
334598
334614
334620
334635
334865
335039
335114
335179
335259
335439
335469
335497
335658
335747
335805
335808
335956
336233
336273
336384
336395
336668
336709
336879
337153
337254
337269
337367
337399
337432
337447
337756
338109
338458
338594
338773
338874
339026
339043
339208
339263
339276
339548
339585
339749
339753
339769
339844
339985
340108
340266
340432
340779
340823
340843
340885
340957
341040
341318
341400
341672
341724
341809
341910
341931
341933
341961
342025
342256
342297
342504
342681
342711
342770
342941
343497
343520
343634
343692
343781
343846
344103
344105
344138
344166
344199
344288
344345
344371
344525
344652
344659
344684
344867
345059
345060
345138
345238
345262
345421
345492
345510
345635
345725
346087
346140
346183
346329
346707
346840
346888
346894
346976
346994
347132
347175
347246
347384
347393
347410
347634
347678
347682
347747
347825
347940
348016
348047
348109
348127
348164
348184
348313
348547
348567
348600
348609
348648
348697
349025
349059
349083
349184
349246
349301
349470
349474
349591
350066
350233
350466
350647
351036
351368
351372
351403
351536
351539
351584
351601
351850
351957
352049
352201
352245
352429
352508
352511
352546
352610
352654
352868
352939
353046
353047
353078
353171
353180
353187
353263
353368
353471
353643
353643
353643
353744
353900
353930
354134
354380
354430
354444
354606
354658
354700
354711
354811
354818
354827
354942
355069
355095
355381
355568
355573
355586
355671
355700
355787
355808
355819
355926
356063
356257
356292
356343
356382
356398
356521
356595
356755
356783
356873
356882
356948
357098
357345
357434
357602
357612
357621
357652
357751
357815
357886
357905
357967
358192
358285
358672
358692
358699
358809
358829
358979
359164
359245
359315
359394
359427
359470
359520
359593
359707
359713
359719
359834
359945
359997
360146
360199
360317
360432
360454
360566
360628
360807
360833
360888
360988
361519
361545
361571
361587
361741
361839
361877
361926
361982
362058
362091
362104
362276
362323
362422
362496
362894
362928
363078
363107
363121
363184
363204
363251
363540
363737
363835
363862
363882
363957
364015
364185
364297
364396
364405
364505
364623
364635
364675
364815
364826
364910
365138
365207
365237
365744
366035
366037
366133
366166
366232
366235
366566
366857
366864
367135
367149
367189
367298
367329
367361
367368
367411
367459
367573
367610
367707
367746
368005
368085
368179
368198
368222
368388
368560
368669
368886
369187
369436
369498
369552
369852
369967
370123
370213
370388
370552
370562
370628
370667
370727
370808
370900
370996
371028
371099
371151
371173
371433
371480
371490
371492
371609
371720
371763
371794
371896
372021
372029
372060
372117
372211
372274
372333
372345
372395
372427
373044
373195
373224
373281
373398
373597
373693
373721
373812
374049
374105
374251
374353
374404
374495
374576
374662
374856
374900
374988
374992
375422
375533
375611
375666
375709
375861
375889
376058
376104
376225
376246
376362
376593
376743
376816
376832
377011
377012
377349
377472
378002
378069
378069
378097
378288
378464
378614
378924
379080
379168
379305
379405
379574
379587
379630
379804
379910
380041
380362
380384
380538
380554
380568
380621
380762
380854
380945
381531
381533
381760
381782
381924
382048
382244
382249
382379
382449
382692
382710
382856
383132
383278
383291
383485
383652
383655
383817
383857
384183
384210
384377
384403
384731
384733
384828
385086
385094
385201
385274
385338
385388
385391
385432
385476
385791
385837
385838
385902
386035
386175
386191
386245
386320
386322
386436
386541
386611
386927
386933
387035
387058
387083
387148
387187
387490
387528
387652
388015
388050
388200
388338
388710
388806
388809
388819
388862
388864
388890
388922
389071
389110
389162
389243
389399
389471
389569
389923
390048
390127
390130
390208
390375
390390
390494
390535
390647
390712
390829
390998
391127
391278
391473
391507
391563
391575
391645
391656
391668
391676
391878
391978
392108
392203
392282
392301
392404
392559
392696
392792
392878
392920
393003
393024
393200
393206
393293
393331
393580
393630
393897
393914
394134
394231
394253
394517
394579
394621
394758
394799
394818
395028
395174
395226
395279
395340
395396
395557
395586
395599
395646
395719
395947
395960
396114
396165
396173
396188
396243
396594
396724
396765
396901
396920
396971
397064
397087
397278
397433
397521
397635
397837
397886
398417
398461
398470
398540
398624
398694
398945
398988
399192
399263
399294
399309
399505
399540
399608
399663
399941
400156
400227
400622
400647
400693
400787
400979
401021
401054
401133
401395
401643
401663
401799
401873
402269
402418
402458
402672
402711
402713
402911
402955
403003
403032
403051
403132
403289
403400
403464
403563
403601
403723
403767
403889
403957
403966
403994
404096
404467
404490
404513
404539
404564
404846
404944
405067
405197
405335
405401
405446
405543
405629
405925
405956
405985
406044
406068
406234
406446
406448
406469
406496
406933
406987
407169
407219
407238
407298
407456
407463
407599
407722
407939
408072
408121
408455
408496
408594
408666
408785
408790
408909
408989
409296
409372
409435
409675
409742
409752
409770
409978
410248
410359
410549
410561
411158
411162
411262
411397
411546
411614
411732
411733
411885
411962
412070
412298
412386
412586
412625
412691
412760
412884
412911
413100
413447
413460
413528
413546
413606
413636
413930
413965
414205
414342
414388
414466
414571
414639
414676
414802
414874
415003
415093
415180
415337
415668
415668
415680
415684
415688
415788
415981
416066
416237
416327
416395
416453
416543
416617
416629
416643
416896
417032
417053
417193
417208
417329
417393
417408
417494
417531
417534
417660
417666
417831
417972
418034
418102
418162
418357
418480
418504
418539
418549
418570
418614
418691
418733
418743
418851
419038
419057
419184
419274
419459
419468
419961
420063
420217
420393
420401
420468
420477
420542
420567
420578
420773
420789
420850
421173
421212
421226
421364
421476
421513
421680
421686
421741
421841
421905
421979
422170
422242
422274
422282
422501
422957
422986
423157
423208
423224
423605
423676
423708
423777
423809
423815
423863
423866
423953
423997
424020
424109
424530
424801
424962
425540
425598
425666
425678
425809
425977
426070
426095
426099
426304
426313
426329
426356
426565
426676
426679
426869
426965
426995
427039
427069
427111
427182
427241
427398
427611
427701
427712
427763
427867
427878
427891
427894
427926
427939
428337
428700
428796
428812
428830
428946
429044
429049
429093
429150
429235
429278
429429
429542
429552
429568
429694
429812
429911
429943
429960
429969
430037
430175
430342
430449
430472
430519
430569
430700
430737
430816
430829
430851
430903
431011
431182
431185
431267
431278
431439
431582
431669
431761
431774
431841
431970
431997
432114
432142
432303
432314
432541
432543
432684
432744
432807
432864
432918
432983
433076
433263
433315
433345
433487
433591
433693
433737
433776
433817
433864
433942
434004
434012
434051
434201
434299
434418
434477
434554
434639
434860
434939
435122
435140
435290
435350
435451
435504
435509
435565
435595
435660
435714
435824
435889
435958
436032
436117
436129
436236
436359
436511
436617
436648
436650
436652
436654
436685
436749
436807
436884
437032
437069
437128
437222
437255
437518
437694
437803
437828
437864
438046
438094
438324
438558
438639
438683
438876
439083
439223
439434
439450
439489
439552
439600
440069
440188
440261
440622
440657
440806
440863
440877
440969
441013
441062
441088
441115
441125
441285
441303
441558
441616
441672
441945
442044
442051
442076
442162
442290
442335
442352
442363
442394
442445
442467
442670
442814
443019
443122
443232
443348
443464
443630
443646
443808
443952
443984
444170
444413
444535
444565
444566
444628
444787
444822
444828
444848
444856
445025
445093
445129
445972
446136
446838
446872
446914
447158
447166
447471
447482
447512
447611
447709
448075
448194
448249
448271
448426
448426
448593
448621
448678
448683
448727
448780
448810
448830
448831
448853
448886
448891
449058
449202
449241
449386
449497
449646
449725
449754
449821
450003
450015
450272
450292
450401
450589
450643
450673
450719
450782
450882
450960
451002
451073
451103
451224
451419
451532
451784
451858
451932
451934
451938
452024
452343
452732
452884
452925
453137
453286
453388
453566
453652
453673
453767
453968
454281
454328
454371
454453
454482
454576
454585
454690
454973
455091
455099
455104
455129
455189
455281
455322
455380
455394
455559
455622
455647
455667
455669
455961
455968
456021
456080
456146
456213
456293
456356
456618
456711
456746
457208
457241
457285
457295
457354
457401
457473
457777
457879
457939
458042
458115
458307
458508
458613
458617
458662
458683
458843
458992
459144
459187
459235
459246
459433
459452
459715
459745
459770
460001
460121
460131
460246
460268
460491
460684
460790
461032
461083
461164
461251
461348
461441
461573
461614
461659
461716
461720
461728
461758
461778
462002
462018
462128
462151
462172
462327
462341
462366
462506
462546
462727
462734
462838
462871
462875
462895
462946
463017
463081
463290
463292
463308
463313
463357
463609
463615
463652
463736
464223
464318
464381
464720
465111
465137
465435
465474
465510
465532
465615
465624
465712
465811
465969
466066
466071
466102
466249
466295
466389
466393
466396
466490
466747
466758
466831
466832
467040
467084
467143
467221
467259
467273
467281
467410
467437
467458
467542
467592
467616
467617
467690
467778
468061
468178
468402
468581
468944
469086
469101
469272
469356
469359
469408
469463
469542
469651
469959
470237
470285
470428
470436
470440
470514
470578
470731
470760
470770
470838
470970
470996
471058
471072
471125
471137
471176
471218
471356
471453
471515
471562
471639
471706
471790
471913
471997
472043
472076
472145
472322
473016
473098
473137
473297
473334
473594
473714
473723
473742
473895
473923
473947
474082
474239
474243
474464
474525
474744
474893
475021
475128
475179
475256
475276
475297
475351
475409
475580
475699
475757
475792
475813
475843
475924
475962
475991
476004
476022
476108
476126
476164
476170
476275
476281
476377
476651
476690
476769
477109
477159
477228
477231
477293
477336
477455
477469
477537
477916
478031
478349
478620
478623
478663
478740
478811
478825
478847
478922
479070
479072
479336
479357
479424
479546
479835
480100
480365
480563
480641
480701
481142
481146
481476
481607
481649
481765
481791
481867
481972
482053
482067
482118
482152
482268
482288
482301
482327
482408
482493
482525
482560
482681
482722
482723
482779
482898
482926
483107
483113
483161
483206
483223
483244
483316
483553
483597
483682
483746
483901
483931
483977
484024
484226
484226
484257
484395
484406
484602
484687
484822
484845
485095
485107
485122
485278
485312
485442
485500
485942
485957
486198
486218
486373
486388
486419
486450
486604
486668
486827
486854
487087
487188
487527
487545
487972
488182
488193
488339
488370
488641
488669
488697
488740
488910
488997
489168
489298
489307
489408
489488
489527
489567
489738
489748
489773
489827
489884
489940
490048
490422
490473
490537
490682
490735
490761
490803
490849
490854
490858
491190
491205
491240
491374
491515
491560
491572
491787
491815
491887
491922
491974
492049
492069
492112
492171
492277
492283
492377
492550
492663
492694
492706
492720
492770
492847
492915
492959
493113
493255
493371
493386
493442
493464
493488
493563
493854
494086
494149
494182
494256
494302
494331
494364
494395
494409
494457
494559
494592
494632
494665
494674
494737
494785
494897
495406
495611
495673
495801
495828
495884
495987
496455
496730
497046
497118
497180
497261
497343
497387
497421
497527
497633
497836
497890
498000
498097
498109
498359
498489
498577
498707
498825
498952
498952
499089
499153
499258
499322
499402
499432
499439
499585
499792
499803
499858
499994
500001
500209
500223
500269
500277
500397
500414
500434
500477
500489
500586
500661
500802
501017
501021
501277
501349
501449
501520
501587
501633
501676
501771
501810
501864
501924
501972
502258
502284
502757
503106
503187
503224
503295
503638
503695
504318
504449
504650
504828
504996
505077
505269
505298
505302
505472
505549
505580
505623
505642
505717
505790
505790
505792
505988
506008
506041
506081
506235
506268
506269
506543
506679
506683
506840
506867
506994
507068
507101
507193
507221
507283
507288
507640
507643
507801
507803
507838
507879
508080
508150
508332
508506
508946
509122
509189
509198
509443
509490
509800
509823
510049
510315
510320
510335
510458
510476
510501
510553
510572
510627
510816
510852
510892
510929
511083
511124
511254
511531
511558
511567
511837
511932
511956
512060
512139
512164
512206
512280
512523
512600
512646
512655
512747
512830
512870
512909
512956
513038
513183
513364
513582
513661
513687
513708
514016
514080
514179
514182
514509
514539
514560
514873
514948
514969
514991
515016
515084
515114
515238
515324
515352
515579
515585
515616
515736
515770
515791
516133
516178
516410
516489
516518
516632
516663
516673
516681
516712
516746
516775
516853
516893
516923
516978
517013
517086
517203
517235
517330
517366
517533
517845
517904
517936
517966
517985
518094
518302
518378
518509
518510
518531
518537
518708
518835
518838
518894
518984
519107
519292
519414
519434
519474
519760
519831
519916
520052
520109
520397
520460
520689
520720
520832
520942
521158
521216
521233
521279
521288
521372
521392
521438
521450
521595
521606
521613
521653
521712
521733
521929
521970
522036
522156
522249
522508
522541
522583
522668
522781
522972
522996
523037
523096
523207
523256
523262
523265
523850
523858
524045
524502
524522
524523
524643
524696
524726
525098
525185
525270
525309
525380
525568
525727
525755
526039
526108
526167
526321
526387
526410
526503
526557
526716
526717
527076
527085
527148
527263
527421
527558
527581
527694
527819
527858
527858
528074
528184
528324
528493
528660
528682
528815
528851
528985
529380
529448
529701
529950
530003
530261
530399
530421
530453
530461
530544
530712
530874
531330
531348
531406
531449
531469
531504
531511
531584
531739
531868
531876
532080
532235
532272
532277
532288
532636
532704
532793
532930
533032
533089
533167
533314
533315
533322
533369
533379
533389
533445
533487
533544
533565
533586
533616
533699
533723
533934
534279
534430
534455
534674
534741
534823
535175
535195
535202
535309
535313
535527
535649
535782
535859
535877
535899
535930
535940
536003
536006
536007
536101
536314
536463
536651
536996
537180
537324
537346
537387
537415
537535
537669
537709
537816
537937
538031
538337
538364
538699
538735
538943
539023
539034
539075
539139
539274
539325
539461
539550
539568
539609
539741
539817
539832
539997
540052
540066
540170
540231
540348
540425
540433
540451
540638
541041
541116
541595
541799
541878
542017
542172
542174
542245
542263
542280
542321
542365
542387
542476
542521
542633
542660
542674
543134
543156
543177
543184
543257
543259
543484
543654
543663
543680
543890
543914
544015
544085
544115
544412
544468
544567
544620
544648
544652
544761
544820
544883
544911
545007
545054
545126
545180
545221
545239
545283
545409
545454
545570
545594
545643
545647
545673
545680
545687
545906
546026
546050
546073
546074
546082
546091
546096
546283
546352
546450
546631
546699
546805
546918
547333
547335
547338
547514
547633
547644
547806
547807
547808
547845
547869
548084
548105
548253
548282
548478
548535
548540
548663
548677
548688
548877
549138
549350
549374
549395
549578
549706
549900
549932
550023
550163
550361
550440
550583
550615
550694
550772
550778
551122
551123
551564
551672
551678
551715
551781
551829
552029
552066
552199
552220
552332
552344
552375
552558
552592
552602
552924
553089
553170
553272
553416
553564
553989
554273
554461
554550
554654
554654
554679
554718
554927
554971
555227
555277
555316
555394
555400
555421
555514
555727
555733
556107
556263
556380
556471
556719
556900
557040
557057
557091
557141
557215
557249
557401
557407
557418
557672
557711
557754
557824
557839
558115
558151
558207
558239
558944
559126
559156
559180
559224
559258
559489
559511
559608
559949
560197
560198
560289
560299
560510
560577
560662
560814
560881
560894
561406
561524
561652
561733
561908
561951
561955
561997
562198
562525
562542
562545
562700
562754
562799
562966
562970
563471
563655
563710
563972
564137
564284
564686
564953
565044
565077
565258
565390
565567
565714
565767
565815
565895
566112
566176
566201
566256
566317
566470
566800
566900
567050
567053
567101
567113
567282
567405
567429
567454
567480
567561
567637
567650
568101
568194
568359
568420
568422
568437
568498
568649
568653
568682
568774
568823
568843
568974
569387
569424
569466
570255
570282
570343
570426
570668
570713
570884
570982
571022
571060
571087
571098
571118
571206
571273
571389
571454
571485
571487
571721
571859
572070
572297
572448
572932
572973
573005
573018
573069
573228
573233
573280
573332
573438
573484
573624
573651
573884
574011
574047
574079
574126
574402
574470
574521
574571
574660
574671
574768
575188
575282
575390
575432
575647
575698
575755
575791
576026
576182
576306
576353
576457
576640
576659
576697
576838
576861
577006
577097
577115
577148
577182
577241
577549
577646
577839
578014
578171
578192
578237
578261
578337
578338
578346
578414
578443
578800
578820
578826
578917
578999
579058
579124
579259
579458
579830
579906
580007
580196
580412
580429
580442
580458
580536
580820
580915
580948
581019
581304
581519
581524
581646
581798
581830
581945
581959
582041
582134
582180
582185
582243
582400
582547
582820
582844
582960
583008
583112
583150
583251
583513
583530
583645
584015
584069
584146
584276
584296
584538
584740
584789
585046
585069
585126
585139
585219
585556
585657
585697
585884
585928
585938
586021
586062
586080
586119
586211
586277
586306
586381
586437
586449
586521
586576
586651
586739
586765
586882
587077
587112
587281
587348
587571
587614
587673
587684
587689
587793
587835
587856
588126
588197
588229
588240
588286
588441
588500
588725
588821
588853
588937
589004
589012
589037
589392
589471
589497
589579
589638
589669
589706
589749
589858
589865
589940
590002
590169
590204
590321
590343
590449
590581
590605
590639
590791
590966
591090
591094
591095
591242
591554
591565
591682
591688
591764
591795
591841
591878
591964
592024
592186
592204
592208
592254
592303
592354
592457
592660
592753
592935
592950
593121
593151
593174
593230
593303
593382
593452
593707
593713
593793
593854
593920
593924
593927
594022
594239
594258
594336
594377
594681
594725
594854
594899
594972
594986
595030
595153
595209
595330
595399
595615
595753
595784
596019
596126
596147
596419
596427
596437
596535
596541
596654
596759
597078
597310
597442
597450
597496
597550
597681
598034
598236
598237
598245
598390
598523
598559
598598
599002
599081
599112
599222
599227
599765
599809
599899
600281
600292
600365
600393
600397
600572
600621
600709
600784
600974
601125
601130
601251
601272
601308
601515
601597
601610
601770
601906
602081
602162
602201
602276
602603
602706
602750
602809
602811
602839
602911
602949
603048
603060
603088
603215
603223
603437
603481
603519
603553
603642
603773
603807
603921
604013
604299
604308
604428
604482
604489
604493
604537
604684
604701
604761
604838
604853
605050
605347
605350
605414
605417
605423
606027
606046
606239
606394
606462
606550
606590
606686
606949
606959
607035
607074
607187
607198
607205
607471
607710
607778
607843
608055
608162
608185
608278
608285
608387
608639
608657
608807
609014
609071
609093
609112
609350
609530
609546
609663
609690
609745
609783
609955
609978
610028
610120
610310
610365
610427
610477
610537
610577
610623
610654
610661
610880
610884
611012
611231
611389
611540
611557
611590
611918
612012
612258
612437
612470
612509
612554
612599
612659
612690
612913
612916
613031
613502
613750
613808
613994
614009
614014
614024
614074
614203
614275
614282
614355
614480
614514
614795
614817
614978
615218
615564
615661
615682
615792
616159
616376
616380
616419
616467
616521
616521
616610
616626
616702
616837
616878
616896
616924
616927
617158
617412
617505
617737
617782
617797
617799
617835
617893
617916
617918
617921
618031
618047
618463
618606
618635
618725
618912
619298
619328
619419
619461
619669
619736
619786
619847
619877
619962
620059
620075
620096
620296
620300
620480
620485
620788
620841
620856
620884
620917
621016
621100
621159
621169
621212
621239
621416
621692
621731
621735
622313
622541
622544
622580
622771
622790
622856
622995
623280
623292
623343
623386
623465
623532
623539
623627
623877
624096
624201
624266
624322
624411
624449
624473
624637
624726
624787
625048
625302
625401
625443
625462
625790
625862
625928
625947
625968
626191
626315
626377
626553
626868
626882
626916
626958
627013
627148
627327
627339
627384
627496
627630
627733
627886
627893
628039
628133
628165
628194
628301
628312
628351
628419
628494
628706
628848
628896
628897
628905
628930
628941
629122
629157
629397
629493
629514
629771
630021
630301
630310
630370
630439
630456
630499
630508
630544
630668
630698
630745
630781
630826
630850
631376
631409
631428
631473
631517
631546
631625
631659
631715
631723
631889
631994
632007
632077
632085
632154
632261
632606
632709
632728
632748
632904
632934
632984
633008
633082
633087
633110
633138
633479
633561
633598
633608
633758
634316
634800
634844
634924
634937
635003
635065
635276
635280
635327
635334
635386
635747
635793
635839
635876
635919
635941
636187
636331
636366
636392
636468
636574
636603
636808
636946
637004
637023
637132
637178
637418
637453
637455
637527
637557
637625
637632
637673
637677
638079
638162
638289
638401
638442
638523
639152
639328
639540
639551
639628
639670
639678
639692
639709
640045
640160
640252
640264
640300
640417
640469
640611
640665
640725
640818
640972
641321
641340
641357
641478
641500
641562
641734
641900
642070
642247
642260
642394
642476
642648
642791
642924
643044
643076
643087
643182
643401
643417
643486
643587
643954
643971
644359
644706
644740
645052
645119
645169
645327
645345
645353
645440
645674
645769
645799
645932
646005
646208
646328
646383
646412
646412
646678
646729
646859
646880
646901
647034
647062
647074
647130
647137
647268
647303
647599
647645
647857
647959
648071
648146
648163
648544
648574
648789
648789
649000
649149
649199
649243
649324
649548
649787
649893
650048
650312
650343
650416
650459
650641
650786
650811
650892
651065
651151
651179
651501
651523
651552
651579
651619
651683
651692
651767
651804
652008
652195
652373
652402
652417
652464
652496
652539
652756
652765
652855
652901
653016
653138
653156
653440
653523
653592
653668
653717
653756
654170
654175
654225
654389
654421
654475
654478
654500
654538
654553
654643
654826
654835
654908
655083
655287
655497
655525
655663
655677
655777
655794
656013
656024
656104
656141
656172
656231
656387
656470
656538
656809
656874
656877
657089
657172
657178
657471
657565
657651
657780
657838
657895
657986
658029
658056
658056
658081
658252
658254
658338
658501
658501
658591
658650
658735
658742
658782
658892
658968
658977
659089
659154
659221
659234
659244
659334
659464
659580
659633
659873
659916
660052
660055
660069
660176
660244
660839
660992
661013
661192
661280
661283
661391
661405
661449
661575
661578
661603
661637
661801
661852
661887
661887
661932
661995
662006
662042
662074
662080
662178
662187
662391
662458
662483
662629
662704
662843
662948
663296
663319
663380
663396
663454
663472
663546
663555
663600
663661
663677
663757
663859
663904
664172
664366
664401
664435
664496
664536
664555
664606
664661
664708
664715
664773
664838
664876
665028
665043
665179
665219
665239
665322
665443
665521
665589
665652
665800
666008
666088
666114
666359
666386
666421
666449
666473
666771
666884
666922
666950
666967
667033
667073
667170
667203
667329
667349
667429
667444
667469
667486
667501
667564
667793
667794
667813
667928
668320
668353
668445
668534
668714
668777
669067
669072
669165
669283
669365
669366
669760
670070
670087
670197
670209
670300
670388
670425
670431
670678
670833
670857
670872
670883
670946
671027
671129
671413
671481
671516
671716
671900
672206
672300
672303
672402
672584
672590
672812
672819
672847
672945
673002
673029
673096
673210
673335
673337
673531
673575
673610
673708
673735
673898
674094
674175
674321
674524
674560
674679
674723
674791
675241
675266
675313
675395
675663
675797
675951
676019
676026
676041
676085
676151
676423
676633
676695
676815
676865
677029
677117
677158
677181
677250
677255
677365
677466
677501
677862
677964
678072
678241
678391
678564
678566
678571
678658
678681
678747
679149
679164
679192
679231
679363
679461
679479
679565
679578
679584
679645
679675
679831
680200
680328
680565
680571
680585
680667
680769
680895
681073
681177
681312
681631
681777
682368
682369
682389
683064
683118
683280
683300
683493
683503
683694
683776
683788
683864
684052
684107
684297
684363
684495
684537
684544
684615
685000
685045
685060
685237
685385
685451
685464
685502
685660
685718
685800
685824
685967
685985
686029
686110
686175
686266
686413
686428
686439
686570
686602
686623
686686
686709
686712
686748
686923
686985
687117
687316
687405
687570
687760
687935
688502
688559
688582
688595
688661
688774
688817
688849
689056
689064
689130
689144
689261
689307
689320
689364
689462
689795
689828
689905
689964
690006
690085
690219
690274
690446
690803
690817
691060
691146
691283
691421
691733
691803
691864
691989
692224
692324
692507
692607
692736
692804
692869
693066
693170
693401
693885
694083
694144
694217
694510
694551
694619
694627
694662
694792
694875
695285
695423
695525
695953
696207
696401
696425
696438
696502
696595
696732
696805
696817
696819
697051
697164
697215
697339
697411
697429
697446
697509
697645
698067
698076
698078
698112
698595
698763
698780
698788
699043
699072
699272
699529
699987
700072
700130
700240
700262
700330
700354
700361
700376
700456
700539
700663
700732
700811
700896
700910
701276
701354
701561
701591
701777
702000
702003
702137
702251
702390
702398
702522
702536
702548
702615
702617
702623
702673
702923
702961
703033
703281
703346
703477
703532
703569
703705
703845
703964
704117
704161
704227
704353
704533
704628
704698
705064
705127
705152
705188
705448
705503
705704
705793
706028
706053
706247
706357
706360
706435
706653
706763
706832
706906
706921
707001
707517
707572
707617
707650
707719
707730
707846
707852
707911
708038
708069
708300
708310
708405
708592
708689
708712
709192
709340
709500
709643
709725
709907
709935
710036
710067
710099
710178
710401
710421
710467
710565
710634
710638
710792
710798
710959
710967
711061
711072
711215
711305
711374
711666
711729
711812
711823
711957
712063
712313
712540
712550
712933
713168
713177
713450
713695
714122
714124
714169
714182
714215
714317
714380
714765
714848
714875
714921
715228
715285
715372
715469
715504
715505
715702
715763
715798
715828
716076
716078
716268
716322
716382
716418
716499
716556
716610
716638
716911
716965
716969
717023
717232
717404
717467
717553
717686
717739
717809
718029
718150
718350
718582
718592
718835
718989
719088
719264
719283
719346
719459
719583
719724
719910
719940
719983
720382
720408
720441
720451
720562
720565
720708
720722
720761
720807
720820
720990
721040
721269
721447
721461
722013
722047
722102
722122
722158
722211
722340
722465
722501
722560
722673
722704
722780
723008
723031
723035
723190
723316
723476
723653
723694
723770
723850
723852
723862
723896
724028
724472
724521
724607
724748
724873
724877
724890
724975
725092
725110
725258
725341
725345
725387
725418
725632
725937
725972
726049
726162
726247
726252
726385
726385
726419
726576
726597
726734
726809
726933
726945
726963
727053
727228
727246
727485
727580
727759
727763
727785
727934
728065
728080
728134
728265
728266
728353
728354
728414
728463
728465
728495
728535
728715
728800
728806
728890
729033
729065
729102
729155
729187
729280
729460
729481
729560
729606
729674
729844
729897
729931
729941
729942
730035
730090
730115
730259
730302
730396
730402
730720
730747
730773
730838
730881
730957
731041
731217
731261
731270
731533
731693
731767
731866
731910
731993
732117
732145
732347
732419
732531
732563
732614
732675
732684
732706
732757
732801
733024
733076
733189
733216
733294
733311
733318
733357
733757
733765
733836
733944
734070
734087
734161
734186
734243
734299
734327
734357
734372
734457
734457
734472
734510
734539
734582
734831
734924
734956
734970
735234
735366
735410
735423
735538
735859
735948
735990
736089
736115
736190
736321
736323
736353
736393
736470
736596
736702
736866
736975
737148
737220
737233
737254
737503
737715
737836
738115
738169
738216
738271
738323
738402
738421
738451
738453
738460
738513
738580
738637
738785
739112
739156
739262
739262
739317
739439
739501
739628
739636
740020
740098
740104
740116
740145
740333
740563
740860
740983
741469
741473
741515
741549
741692
741733
741741
742084
742326
742350
742559
742677
742680
742708
742714
742778
742872
742881
742939
742944
742987
743133
743145
743146
743295
743442
743621
743654
743681
743706
743738
743753
743782
743807
744181
744277
744299
744303
744369
744406
744470
744551
744612
744705
744766
744976
745353
745415
745561
745687
745838
745974
746357
746391
746414
746701
746831
746876
747043
747055
747318
747413
747498
747499
747514
747575
747713
747752
747774
747784
747786
747830
747966
748111
748229
748274
748299
748332
748595
748625
748698
748744
748829
748837
749068
749165
749240
749259
749343
749408
749633
749674
749681
749776
749783
749793
749812
749815
749955
749974
750057
750122
750126
750172
750312
750326
750361
750368
750541
750679
750761
750805
751051
751099
751420
751477
751544
751776
751889
751912
752097
752275
752285
752359
752391
752483
752509
752735
752957
752966
753012
753036
753354
753478
753486
753577
753637
753654
753673
753862
754040
754080
754105
754140
754235
754535
754575
754806
754878
754925
754943
755171
755362
755566
755671
755699
755707
755806
755858
756012
756135
756203
756250
756346
756433
756545
756582
756660
756722
756844
757157
757223
757319
757419
757434
757689
757775
757994
757997
758021
758040
758086
758136
758203
758383
758387
758445
758475
758488
758585
758641
758651
758654
758718
758757
758768
758875
759057
759398
759452
759694
759705
759880
759906
759929
760113
760133
760246
760305
760445
760497
760502
760503
760557
760575
760708
760823
760913
761057
761067
761178
761203
761241
761242
761266
761476
761572
761784
761802
762042
762134
762191
762228
762296
762320
762460
762703
762750
763168
763184
763320
763370
763400
763462
763554
763805
763846
763951
764025
764084
764264
764294
764304
764309
764399
764439
764479
764557
764592
764604
764617
764642
764688
764779
764838
764870
764894
765099
765714
765768
765770
765789
765996
766013
766025
766264
766276
766410
766634
766672
766673
766774
766791
766791
766851
766930
766973
767369
767443
767454
767639
767689
767701
768227
768241
768245
768620
768739
768750
768894
768897
768926
768936
768986
769192
769306
769583
769840
769848
769933
769965
770071
770162
770474
770661
770698
770722
771028
771101
771133
771148
771381
771487
771661
771737
771753
771767
771805
771891
772038
772686
772701
772873
772900
772985
773006
773328
773361
773567
773574
773846
773903
773914
773925
773985
773987
774005
774043
774350
774425
774425
774483
774532
774543
775075
775118
775340
775704
775738
775835
776051
776076
776086
776160
776311
776326
776466
776550
776759
776948
777191
777264
777303
777337
777438
777675
777681
777699
777757
777836
777894
777993
778220
778279
778333
778399
778981
778993
779051
779338
779356
779397
779494
779510
779612
779636
779654
779839
779964
779988
780003
780014
780044
780047
780059
780081
780086
780155
780232
780363
780425
780701
780714
780896
781019
781144
781538
781852
782035
782140
782161
782169
782273
782369
782530
782630
782766
782799
782836
782848
782880
783040
783055
783100
783122
783270
783327
783357
783389
783537
783555
783564
784082
784088
784135
784225
784256
784293
784300
784327
784529
784736
784919
785125
785204
785308
785355
785424
785479
785543
785569
785643
785683
785784
785797
786065
786066
786319
786354
786360
786675
786975
786997
787142
787244
787362
787391
787459
787542
787565
787583
788054
788122
788221
788261
788277
788299
788389
788402
788520
788528
788565
788684
788758
788767
788822
788873
788932
788974
789015
789079
789091
789098
789100
789102
789174
789192
789230
789698
789775
789792
789841
789959
790070
790085
790165
790208
790434
790516
790703
790706
790815
790885
790898
790955
791016
791163
791214
791282
791296
791344
791734
791910
792012
792069
792098
792154
792309
792539
792606
792635
792648
792710
793121
793174
793199
793444
793563
793607
793804
793866
793880
793885
794240
794255
794290
794331
794539
794587
794662
794692
794908
795054
795266
795331
795387
795429
795507
795614
795682
795814
796006
796209
796450
796462
796528
796571
796654
796708
796742
796750
796796
796849
796957
797036
797048
797181
797245
797255
797597
797655
797669
798049
798068
798112
798301
798357
798436
798612
798766
798870
799006
799174
799195
799197
799304
799316
799333
799399
799572
799944
800332
800483
801144
801185
801189
801429
801507
801714
801804
801980
802213
802340
802730
803007
803153
803194
803391
803404
803502
803603
803626
803658
803690
803698
803907
804003
804389
804443
804467
804512
804525
804535
804639
804675
804743
804818
804886
804949
804998
805131
805157
805273
805384
805398
805406
805544
805556
805596
805628
805653
805846
806217
806304
806388
806407
806888
806925
806994
807227
807248
807342
807569
807659
807749
807768
807806
807976
808079
808224
808227
808382
808414
808760
809062
809103
809104
809195
809211
809354
809388
809505
809659
809846
809898
809993
810028
810438
810517
810614
810641
810760
810847
811074
811124
811306
811470
811477
811509
811543
811560
811564
811803
811832
811841
811847
811853
811958
811996
811996
812018
812029
812100
812123
812188
812308
812380
812445
812497
812508
812542
812657
812664
812760
812848
812935
812986
812991
813167
813340
813364
813422
813464
813545
813638
813641
813692
813953
813986
814048
814321
814460
814521
814548
814565
814804
814884
814905
815005
815046
815090
815174
815180
815192
815289
815295
815319
815359
815380
815398
815539
815709
815767
815946
815983
816200
816259
816424
816425
816436
816751
816827
816992
817068
817075
817093
817254
817281
817325
817404
817432
817614
817969
818009
818014
818106
818168
818240
818245
818307
818431
818685
818716
818742
818781
818836
818876
819083
819216
819231
819371
819736
820105
820162
820205
820397
820458
820487
820627
820727
820843
820920
820966
820988
821064
821083
821153
821195
821300
821359
821402
821447
821566
821674
821740
821757
821766
821814
822184
822559
822610
822613
822635
822835
822914
822975
823001
823104
823151
823182
823238
823443
823643
823681
823770
823898
823912
824042
824103
824253
824292
824342
824362
824475
824868
825054
825067
825305
825428
825494
825496
825659
825771
825842
825857
825981
826132
826255
826272
826278
826552
826613
826627
826702
826820
826825
826865
826880
826918
827133
827219
827530
827784
827818
827939
827942
828084
828087
828237
828269
828360
828387
828613
828625
828635
828645
828702
828868
828945
828981
829010
829088
829196
829301
829337
829474
829510
829605
829701
829719
829721
829746
829746
829788
829865
829879
829908
829981
830126
830136
830311
830317
830506
830537
830538
830640
830688
831004
831020
831158
831246
831338
831369
831509
831712
831866
832386
832698
832752
833058
833089
833147
833795
833831
833835
834064
834172
834436
834455
834677
834678
834923
835096
835256
835605
835618
835738
835742
835797
835864
836024
836043
836211
836339
836396
836508
836516
836612
836661
836753
836965
836984
836991
837072
837101
837119
837142
837222
837276
837340
837718
837761
837804
837878
837937
838188
838423
838457
838502
838511
838523
838716
838850
838876
838919
838946
839009
839169
839284
839434
839665
839907
840071
840152
840174
840242
840243
840328
840379
840500
840672
840798
840800
840889
841025
841397
841457
841529
841572
841602
841636
841731
841771
841831
841883
841896
842062
842073
842235
842302
842326
842871
842928
842942
843125
843235
843478
843582
843593
843614
843725
843931
843970
844399
844544
844598
844665
844698
844829
845241
845598
845607
845719
845958
846118
846167
846351
846435
846590
846676
846681
846698
846844
847036
847276
847323
847504
847599
847670
847694
847838
847941
847985
848231
848546
848588
848614
848797
848829
848900
848971
848983
849062
849080
849090
849204
849242
849304
849331
849364
849385
849577
849703
849919
849925
849962
850328
850435
850551
850900
850914
851098
851288
851430
851455
851488
851512
851523
851551
851686
851802
851998
852000
852090
852115
852234
852264
852282
852289
852367
852368
852382
852431
852459
852465
853002
853078
853233
853264
853326
853466
853553
853608
853638
853715
853883
853887
854039
854183
854230
854322
854473
854473
854635
854687
854717
854740
854866
854921
854972
854995
855100
855154
855189
855222
855338
855754
855897
855924
855967
855969
855982
856075
856083
856144
856149
856211
856318
856329
856381
856436
856696
856707
856839
856883
857042
857045
857160
857203
857335
857364
857409
857442
857688
857858
857888
858196
858273
858301
858456
858480
858708
858968
859000
859104
859132
859166
859201
859311
859384
859411
859429
859540
859718
859791
859973
860029
860073
860310
860334
860524
860717
860906
861030
861037
861260
861302
861311
861367
861379
861553
861590
861732
861752
861867
862041
862064
862242
862318
862321
862340
862401
862482
862570
862662
862668
862674
862698
862817
863007
863550
863551
863915
863967
864169
864306
864313
864352
864381
864391
864430
864432
864495
864779
864849
864940
864950
865131
865166
865478
865543
865702
865826
865836
865874
866317
866499
866567
866577
866909
866915
866973
866990
867252
867381
867659
867685
867893
868196
868416
868449
868555
868575
868747
868960
869037
869084
869167
869185
869201
869367
869378
869499
869525
869589
869610
869713
869744
869852
869952
869988
870012
870033
870203
870219
870269
870512
870572
870612
870702
870806
870990
870997
871032
871045
871247
871383
871458
871535
871610
871617
871952
872077
872127
872233
872268
872347
872662
872790
872847
872917
873003
873099
873128
873204
873460
873534
873690
873766
873843
873856
873884
873885
873919
874120
874178
874202
874597
874622
874879
875036
875199
875226
875414
875445
875523
875695
875757
875874
876037
876247
876306
876460
876795
876832
876868
876941
877039
877178
877214
877278
877330
877396
877439
877855
878103
878207
878328
878363
878456
878519
878664
878794
878912
878981
879085
879230
879288
879431
879562
879842
880244
880425
880448
880586
880618
880634
880792
880797
880819
880855
880877
880895
880927
880940
881105
881135
881507
881595
881659
881805
881958
882017
882108
882137
882259
882259
882334
882344
882360
882437
882683
882789
883465
883577
883586
883843
883863
883875
884142
884165
884270
884297
884349
884462
884489
884563
884852
884874
884939
885231
885452
885631
885646
885724
885777
885864
885916
885932
886096
886200
886320
886464
886642
886696
886706
886785
887025
887129
887268
887358
887424
888295
888340
888448
888490
888615
888763
888780
888838
888844
888866
889069
889092
889256
889354
889418
889423
889433
889441
889474
889532
889556
889677
889853
889909
889909
889998
890091
890159
890164
890223
890661
890680
890941
890952
891053
891073
891077
891099
891111
891318
891324
891325
891348
891376
891389
891557
891585
891664
891923
892014
892037
892116
892278
892359
892379
892456
892592
892637
892638
892846
893029
893137
893221
893271
893321
893374
893378
893429
893776
893802
893882
894016
894028
894231
894293
894313
894328
894587
894602
894700
894840
894852
894860
894895
895138
895439
895565
895637
895680
895728
895749
895761
895763
895808
895864
895906
895949
896005
896153
896199
896224
896314
896331
896341
896406
896519
896690
896739
896777
896898
896937
897031
897044
897257
897340
897362
897419
897548
897705
897736
897894
898007
898095
898099
898100
898190
898306
898318
898400
898514
898623
898688
898695
898868
898953
899014
899065
899230
899354
899502
899571
899669
899709
900131
900235
900351
900553
900564
900596
900601
900619
900627
900795
900893
900896
901091
901342
901511
901644
901849
902474
902493
902528
902581
902634
902817
902840
902899
903093
903131
903244
903289
903299
903311
903415
903500
903527
903563
903920
904192
904303
904375
904459
904460
904488
904744
904891
904950
905117
905169
905214
905234
905319
905388
905424
905546
905703
905826
905846
905917
905992
906366
906441
906442
906590
906682
906704
906768
906810
906841
907025
907053
907101
907127
907139
907229
907247
907355
907362
907438
907442
907641
907746
907748
907859
908036
908130
908360
908458
908519
908556
908801
908848
908885
908908
909016
909157
909261
909297
909334
909346
909405
909594
909617
909719
909732
909948
910024
910694
910802
911273
911492
911515
911523
911569
911712
911764
911772
911936
911941
912089
912120
912151
912176
912319
912513
912611
912642
913022
913030
913038
913179
913369
913414
913444
914168
914176
914553
914618
914642
914751
914893
914919
914960
914978
915004
915065
915260
915324
915500
915517
915532
915814
915927
915956
916087
916105
916330
916371
916437
916559
916583
916690
916702
916762
916875
917242
917246
917359
917417
917458
917521
917536
917866
917957
918044
918171
918264
918303
918372
918383
918489
918631
918676
918912
918964
918981
919030
919093
919103
919177
919191
919306
919421
919496
919523
919538
919634
919642
919767
919896
920005
920051
920133
920249
920383
920438
920492
921045
921191
921245
921301
921345
921551
921616
921689
921913
922032
922064
922112
922113
922204
922227
922427
922431
922549
922666
922727
923516
923633
923714
923761
923769
923971
923984
924056
924125
924217
924326
924562
924693
924760
924805
924827
924955
925047
925166
925321
925385
925445
925462
925493
925537
925841
926072
926378
926560
926803
926845
926911
926972
927000
927519
927650
927791
927970
928021
928166
928271
928314
928406
928471
928575
929195
929369
929435
929718
929854
930186
930189
930312
930371
930444
930523
930548
930555
930696
930760
930770
930773
930791
930844
930961
931080
931112
931395
931498
931585
931592
931663
931692
931904
931920
931925
931949
931963
932031
932176
932215
932239
932248
932511
932589
932674
932723
933135
933276
933297
933396
933423
933468
933649
933718
933724
933817
933841
933864
933988
934055
934150
934195
934303
934339
934491
934562
934603
934871
935053
935062
935083
935276
935413
935427
935439
935527
935550
935628
935941
935943
936067
936119
936162
936284
936472
936907
937058
937255
937268
937453
937608
937685
937718
937745
937927
937976
938036
938049
938292
938376
938435
938682
938693
938756
938764
938906
938974
938990
938994
939089
939248
939379
939532
939601
939655
939656
939664
939683
939711
939935
940049
940054
940132
940153
940314
940531
940750
940753
940897
940949
941132
941205
941215
941337
941488
941564
941600
941638
941904
941931
941991
942247
942325
942513
942540
942621
942699
942797
942999
943052
943054
943066
943088
943231
943290
943306
943319
943391
943665
943760
943789
943867
943938
943949
943973
944156
944171
944441
944471
944479
944535
944584
944586
944778
944828
944858
944859
944953
945073
945126
945236
945346
945371
945501
945558
945569
945837
945864
945961
946004
946018
946202
946218
946679
946752
946823
947045
947047
947108
947188
947299
947358
947375
947460
947527
947713
947764
947767
947899
947937
948015
948018
948082
948233
948284
948306
948360
948443
948459
948480
948487
948516
948545
948547
948875
948883
948974
948985
949017
949050
949111
949401
949538
949577
949598
949648
949682
949737
949965
950001
950035
950221
950266
950275
950436
950686
951179
951256
951261
951381
951568
951743
951875
951963
952071
952221
952276
952459
952558
952604
952707
952797
952830
952936
953042
953058
953131
953182
953349
953353
953550
953572
953898
953995
954007
954070
954185
954550
954593
954764
955095
955214
955248
955263
955271
955412
955503
955772
955789
955806
955853
955885
955910
956064
956189
956590
956703
956715
956767
956806
956898
956949
957022
957089
957126
957250
957294
957398
957418
957422
957480
957563
957588
957663
957867
957871
958116
958218
958375
958386
958538
958704
958769
958854
958908
958919
958977
959439
959478
959517
959575
959618
959776
959846
959852
960000
960070
960084
960087
960310
960336
960574
960580
960611
960734
960783
960798
960835
960870
960896
960985
961012
961335
961474
961513
961619
961775
961845
961991
962194
962249
962296
962330
962507
962526
962543
962579
962782
963151
963266
963537
963566
963988
964096
964323
964354
964403
964463
964487
964745
964824
964879
964897
964978
965139
965151
965325
965429
965716
965894
965991
966551
966578
966797
966992
966994
967018
967135
967145
967695
967724
967783
967831
967856
967932
968027
968150
968233
968235
968251
968285
968538
968851
968930
969154
969175
969247
969288
969459
969556
969945
970059
970196
970381
970544
970547
971210
971590
971805
972051
972054
972279
972391
972459
972713
972777
972881
972890
973041
973076
973106
973240
973284
973571
973646
973748
973896
973932
974024
974025
974034
974036
974260
974279
974361
974522
974552
974581
974606
974762
974882
974893
974924
974928
975012
975349
975444
975445
975573
975711
975816
975831
975917
975924
975961
975976
976239
976279
976300
976358
976380
976415
976753
976757
976790
976844
976852
976978
977000
977005
977007
977041
977106
977210
977301
977311
977383
977407
977431
977502
977633
977649
977653
978154
978190
978213
978466
978497
978589
978594
978612
978710
978718
978924
979131
979267
979340
979405
979419
979434
979470
979589
979653
979774
979900
980041
980223
980389
980497
980565
980611
980849
980880
981018
981152
981188
981280
981499
981652
981653
981717
981725
981758
981897
981977
982018
982033
982154
982218
982408
982521
982571
982685
982718
982742
982771
982775
983043
983106
983183
983382
983520
983576
983667
983684
983774
983798
983839
983847
983875
983885
984072
984106
984127
984201
984323
984423
984562
984636
984638
984758
984987
985495
985560
985587
985600
985937
986171
986182
986203
986301
986518
986746
987002
987083
987146
987147
987175
987186
987341
987468
987566
987596
987629
987631
987728
987732
987779
987811
987864
987938
988047
988318
988410
988500
988503
988506
988515
988581
988673
988714
988777
988891
988958
989107
989376
989504
989656
989672
989812
989866
990021
990070
990250
990311
990362
990515
990610
990634
990649
990690
990695
990905
990963
991104
991193
991271
991387
991504
991623
991647
991811
991894
991994
992001
992001
992012
992119
992334
992359
992366
992409
992565
992680
992797
992800
992834
992835
992946
992987
993021
993063
993076
993211
993246
993308
993671
993708
993712
993784
993874
993895
993948
993982
993982
994001
994003
994315
994316
994427
994588
994591
994766
994851
994874
995057
995105
995256
995280
995358
995404
995422
995528
995541
995578
995874
996371
996441
996847
996855
996922
997181
997339
997502
997701
997918
998169
998754
998814
998871
998891
998963
999020
999023
999187
999320
999443
999514
999544
999576
999715
