999715
999576
999544
999514
999443
999320
999187
999023
999020
998963
998891
998871
998814
998754
998169
997918
997701
997502
997339
997181
996922
996855
996847
996441
996371
995874
995578
995541
995528
995422
995404
995358
995280
995256
995105
995057
994874
994851
994766
994591
994588
994427
994316
994315
994003
994001
993982
993982
993948
993895
993874
993784
993712
993708
993671
993308
993246
993211
993076
993063
993021
992987
992946
992835
992834
992800
992797
992680
992565
992409
992366
992359
992334
992119
992012
992001
992001
991994
991894
991811
991647
991623
991504
991387
991271
991193
991104
990963
990905
990695
990690
990649
990634
990610
990515
990362
990311
990250
990070
990021
989866
989812
989672
989656
989504
989376
989107
988958
988891
988777
988714
988673
988581
988515
988506
988503
988500
988410
988318
988047
987938
987864
987811
987779
987732
987728
987631
987629
987596
987566
987468
987341
987186
987175
987147
987146
987083
987002
986746
986518
986301
986203
986182
986171
985937
985600
985587
985560
985495
984987
984758
984638
984636
984562
984423
984323
984201
984127
984106
984072
983885
983875
983847
983839
983798
983774
983684
983667
983576
983520
983382
983183
983106
983043
982775
982771
982742
982718
982685
982571
982521
982408
982218
982154
982033
982018
981977
981897
981758
981725
981717
981653
981652
981499
981280
981188
981152
981018
980880
980849
980611
980565
980497
980389
980223
980041
979900
979774
979653
979589
979470
979434
979419
979405
979340
979267
979131
978924
978718
978710
978612
978594
978589
978497
978466
978213
978190
978154
977653
977649
977633
977502
977431
977407
977383
977311
977301
977210
977106
977041
977007
977005
977000
976978
976852
976844
976790
976757
976753
976415
976380
976358
976300
976279
976239
975976
975961
975924
975917
975831
975816
975711
975573
975445
975444
975349
975012
974928
974924
974893
974882
974762
974606
974581
974552
974522
974361
974279
974260
974036
974034
974025
974024
973932
973896
973748
973646
973571
973284
973240
973106
973076
973041
972890
972881
972777
972713
972459
972391
972279
972054
972051
971805
971590
971210
970547
970544
970381
970196
970059
969945
969556
969459
969288
969247
969175
969154
968930
968851
968538
968285
968251
968235
968233
968150
968027
967932
967856
967831
967783
967724
967695
967145
967135
967018
966994
966992
966797
966578
966551
965991
965894
965716
965429
965325
965151
965139
964978
964897
964879
964824
964745
964487
964463
964403
964354
964323
964096
963988
963566
963537
963266
963151
962782
962579
962543
962526
962507
962330
962296
962249
962194
961991
961845
961775
961619
961513
961474
961335
961012
960985
960896
960870
960835
960798
960783
960734
960611
960580
960574
960336
960310
960087
960084
960070
960000
959852
959846
959776
959618
959575
959517
959478
959439
958977
958919
958908
958854
958769
958704
958538
958386
958375
958218
958116
957871
957867
957663
957588
957563
957480
957422
957418
957398
957294
957250
957126
957089
957022
956949
956898
956806
956767
956715
956703
956590
956189
956064
955910
955885
955853
955806
955789
955772
955503
955412
955271
955263
955248
955214
955095
954764
954593
954550
954185
954070
954007
953995
953898
953572
953550
953353
953349
953182
953131
953058
953042
952936
952830
952797
952707
952604
952558
952459
952276
952221
952071
951963
951875
951743
951568
951381
951261
951256
951179
950686
950436
950275
950266
950221
950035
950001
949965
949737
949682
949648
949598
949577
949538
949401
949111
949050
949017
948985
948974
948883
948875
948547
948545
948516
948487
948480
948459
948443
948360
948306
948284
948233
948082
948018
948015
947937
947899
947767
947764
947713
947527
947460
947375
947358
947299
947188
947108
947047
947045
946823
946752
946679
946218
946202
946018
946004
945961
945864
945837
945569
945558
945501
945371
945346
945236
945126
945073
944953
944859
944858
944828
944778
944586
944584
944535
944479
944471
944441
944171
944156
943973
943949
943938
943867
943789
943760
943665
943391
943319
943306
943290
943231
943088
943066
943054
943052
942999
942797
942699
942621
942540
942513
942325
942247
941991
941931
941904
941638
941600
941564
941488
941337
941215
941205
941132
940949
940897
940753
940750
940531
940314
940153
940132
940054
940049
939935
939711
939683
939664
939656
939655
939601
939532
939379
939248
939089
938994
938990
938974
938906
938764
938756
938693
938682
938435
938376
938292
938049
938036
937976
937927
937745
937718
937685
937608
937453
937268
937255
937058
936907
936472
936284
936162
936119
936067
935943
935941
935628
935550
935527
935439
935427
935413
935276
935083
935062
935053
934871
934603
934562
934491
934339
934303
934195
934150
934055
933988
933864
933841
933817
933724
933718
933649
933468
933423
933396
933297
933276
933135
932723
932674
932589
932511
932248
932239
932215
932176
932031
931963
931949
931925
931920
931904
931692
931663
931592
931585
931498
931395
931112
931080
930961
930844
930791
930773
930770
930760
930696
930555
930548
930523
930444
930371
930312
930189
930186
929854
929718
929435
929369
929195
928575
928471
928406
928314
928271
928166
928021
927970
927791
927650
927519
927000
926972
926911
926845
926803
926560
926378
926072
925841
925537
925493
925462
925445
925385
925321
925166
925047
924955
924827
924805
924760
924693
924562
924326
924217
924125
924056
923984
923971
923769
923761
923714
923633
923516
922727
922666
922549
922431
922427
922227
922204
922113
922112
922064
922032
921913
921689
921616
921551
921345
921301
921245
921191
921045
920492
920438
920383
920249
920133
920051
920005
919896
919767
919642
919634
919538
919523
919496
919421
919306
919191
919177
919103
919093
919030
918981
918964
918912
918676
918631
918489
918383
918372
918303
918264
918171
918044
917957
917866
917536
917521
917458
917417
917359
917246
917242
916875
916762
916702
916690
916583
916559
916437
916371
916330
916105
916087
915956
915927
915814
915532
915517
915500
915324
915260
915065
915004
914978
914960
914919
914893
914751
914642
914618
914553
914176
914168
913444
913414
913369
913179
913038
913030
913022
912642
912611
912513
912319
912176
912151
912120
912089
911941
911936
911772
911764
911712
911569
911523
911515
911492
911273
910802
910694
910024
909948
909732
909719
909617
909594
909405
909346
909334
909297
909261
909157
909016
908908
908885
908848
908801
908556
908519
908458
908360
908130
908036
907859
907748
907746
907641
907442
907438
907362
907355
907247
907229
907139
907127
907101
907053
907025
906841
906810
906768
906704
906682
906590
906442
906441
906366
905992
905917
905846
905826
905703
905546
905424
905388
905319
905234
905214
905169
905117
904950
904891
904744
904488
904460
904459
904375
904303
904192
903920
903563
903527
903500
903415
903311
903299
903289
903244
903131
903093
902899
902840
902817
902634
902581
902528
902493
902474
901849
901644
901511
901342
901091
900896
900893
900795
900627
900619
900601
900596
900564
900553
900351
900235
900131
899709
899669
899571
899502
899354
899230
899065
899014
898953
898868
898695
898688
898623
898514
898400
898318
898306
898190
898100
898099
898095
898007
897894
897736
897705
897548
897419
897362
897340
897257
897044
897031
896937
896898
896777
896739
896690
896519
896406
896341
896331
896314
896224
896199
896153
896005
895949
895906
895864
895808
895763
895761
895749
895728
895680
895637
895565
895439
895138
894895
894860
894852
894840
894700
894602
894587
894328
894313
894293
894231
894028
894016
893882
893802
893776
893429
893378
893374
893321
893271
893221
893137
893029
892846
892638
892637
892592
892456
892379
892359
892278
892116
892037
892014
891923
891664
891585
891557
891389
891376
891348
891325
891324
891318
891111
891099
891077
891073
891053
890952
890941
890680
890661
890223
890164
890159
890091
889998
889909
889909
889853
889677
889556
889532
889474
889441
889433
889423
889418
889354
889256
889092
889069
888866
888844
888838
888780
888763
888615
888490
888448
888340
888295
887424
887358
887268
887129
887025
886785
886706
886696
886642
886464
886320
886200
886096
885932
885916
885864
885777
885724
885646
885631
885452
885231
884939
884874
884852
884563
884489
884462
884349
884297
884270
884165
884142
883875
883863
883843
883586
883577
883465
882789
882683
882437
882360
882344
882334
882259
882259
882137
882108
882017
881958
881805
881659
881595
881507
881135
881105
880940
880927
880895
880877
880855
880819
880797
880792
880634
880618
880586
880448
880425
880244
879842
879562
879431
879288
879230
879085
878981
878912
878794
878664
878519
878456
878363
878328
878207
878103
877855
877439
877396
877330
877278
877214
877178
877039
876941
876868
876832
876795
876460
876306
876247
876037
875874
875757
875695
875523
875445
875414
875226
875199
875036
874879
874622
874597
874202
874178
874120
873919
873885
873884
873856
873843
873766
873690
873534
873460
873204
873128
873099
873003
872917
872847
872790
872662
872347
872268
872233
872127
872077
871952
871617
871610
871535
871458
871383
871247
871045
871032
870997
870990
870806
870702
870612
870572
870512
870269
870219
870203
870033
870012
869988
869952
869852
869744
869713
869610
869589
869525
869499
869378
869367
869201
869185
869167
869084
869037
868960
868747
868575
868555
868449
868416
868196
867893
867685
867659
867381
867252
866990
866973
866915
866909
866577
866567
866499
866317
865874
865836
865826
865702
865543
865478
865166
865131
864950
864940
864849
864779
864495
864432
864430
864391
864381
864352
864313
864306
864169
863967
863915
863551
863550
863007
862817
862698
862674
862668
862662
862570
862482
862401
862340
862321
862318
862242
862064
862041
861867
861752
861732
861590
861553
861379
861367
861311
861302
861260
861037
861030
860906
860717
860524
860334
860310
860073
860029
859973
859791
859718
859540
859429
859411
859384
859311
859201
859166
859132
859104
859000
858968
858708
858480
858456
858301
858273
858196
857888
857858
857688
857442
857409
857364
857335
857203
857160
857045
857042
856883
856839
856707
856696
856436
856381
856329
856318
856211
856149
856144
856083
856075
855982
855969
855967
855924
855897
855754
855338
855222
855189
855154
855100
854995
854972
854921
854866
854740
854717
854687
854635
854473
854473
854322
854230
854183
854039
853887
853883
853715
853638
853608
853553
853466
853326
853264
853233
853078
853002
852465
852459
852431
852382
852368
852367
852289
852282
852264
852234
852115
852090
852000
851998
851802
851686
851551
851523
851512
851488
851455
851430
851288
851098
850914
850900
850551
850435
850328
849962
849925
849919
849703
849577
849385
849364
849331
849304
849242
849204
849090
849080
849062
848983
848971
848900
848829
848797
848614
848588
848546
848231
847985
847941
847838
847694
847670
847599
847504
847323
847276
847036
846844
846698
846681
846676
846590
846435
846351
846167
846118
845958
845719
845607
845598
845241
844829
844698
844665
844598
844544
844399
843970
843931
843725
843614
843593
843582
843478
843235
843125
842942
842928
842871
842326
842302
842235
842073
842062
841896
841883
841831
841771
841731
841636
841602
841572
841529
841457
841397
841025
840889
840800
840798
840672
840500
840379
840328
840243
840242
840174
840152
840071
839907
839665
839434
839284
839169
839009
838946
838919
838876
838850
838716
838523
838511
838502
838457
838423
838188
837937
837878
837804
837761
837718
837340
837276
837222
837142
837119
837101
837072
836991
836984
836965
836753
836661
836612
836516
836508
836396
836339
836211
836043
836024
835864
835797
835742
835738
835618
835605
835256
835096
834923
834678
834677
834455
834436
834172
834064
833835
833831
833795
833147
833089
833058
832752
832698
832386
831866
831712
831509
831369
831338
831246
831158
831020
831004
830688
830640
830538
830537
830506
830317
830311
830136
830126
829981
829908
829879
829865
829788
829746
829746
829721
829719
829701
829605
829510
829474
829337
829301
829196
829088
829010
828981
828945
828868
828702
828645
828635
828625
828613
828387
828360
828269
828237
828087
828084
827942
827939
827818
827784
827530
827219
827133
826918
826880
826865
826825
826820
826702
826627
826613
826552
826278
826272
826255
826132
825981
825857
825842
825771
825659
825496
825494
825428
825305
825067
825054
824868
824475
824362
824342
824292
824253
824103
824042
823912
823898
823770
823681
823643
823443
823238
823182
823151
823104
823001
822975
822914
822835
822635
822613
822610
822559
822184
821814
821766
821757
821740
821674
821566
821447
821402
821359
821300
821195
821153
821083
821064
820988
820966
820920
820843
820727
820627
820487
820458
820397
820205
820162
820105
819736
819371
819231
819216
819083
818876
818836
818781
818742
818716
818685
818431
818307
818245
818240
818168
818106
818014
818009
817969
817614
817432
817404
817325
817281
817254
817093
817075
817068
816992
816827
816751
816436
816425
816424
816259
816200
815983
815946
815767
815709
815539
815398
815380
815359
815319
815295
815289
815192
815180
815174
815090
815046
815005
814905
814884
814804
814565
814548
814521
814460
814321
814048
813986
813953
813692
813641
813638
813545
813464
813422
813364
813340
813167
812991
812986
812935
812848
812760
812664
812657
812542
812508
812497
812445
812380
812308
812188
812123
812100
812029
812018
811996
811996
811958
811853
811847
811841
811832
811803
811564
811560
811543
811509
811477
811470
811306
811124
811074
810847
810760
810641
810614
810517
810438
810028
809993
809898
809846
809659
809505
809388
809354
809211
809195
809104
809103
809062
808760
808414
808382
808227
808224
808079
807976
807806
807768
807749
807659
807569
807342
807248
807227
806994
806925
806888
806407
806388
806304
806217
805846
805653
805628
805596
805556
805544
805406
805398
805384
805273
805157
805131
804998
804949
804886
804818
804743
804675
804639
804535
804525
804512
804467
804443
804389
804003
803907
803698
803690
803658
803626
803603
803502
803404
803391
803194
803153
803007
802730
802340
802213
801980
801804
801714
801507
801429
801189
801185
801144
800483
800332
799944
799572
799399
799333
799316
799304
799197
799195
799174
799006
798870
798766
798612
798436
798357
798301
798112
798068
798049
797669
797655
797597
797255
797245
797181
797048
797036
796957
796849
796796
796750
796742
796708
796654
796571
796528
796462
796450
796209
796006
795814
795682
795614
795507
795429
795387
795331
795266
795054
794908
794692
794662
794587
794539
794331
794290
794255
794240
793885
793880
793866
793804
793607
793563
793444
793199
793174
793121
792710
792648
792635
792606
792539
792309
792154
792098
792069
792012
791910
791734
791344
791296
791282
791214
791163
791016
790955
790898
790885
790815
790706
790703
790516
790434
790208
790165
790085
790070
789959
789841
789792
789775
789698
789230
789192
789174
789102
789100
789098
789091
789079
789015
788974
788932
788873
788822
788767
788758
788684
788565
788528
788520
788402
788389
788299
788277
788261
788221
788122
788054
787583
787565
787542
787459
787391
787362
787244
787142
786997
786975
786675
786360
786354
786319
786066
786065
785797
785784
785683
785643
785569
785543
785479
785424
785355
785308
785204
785125
784919
784736
784529
784327
784300
784293
784256
784225
784135
784088
784082
783564
783555
783537
783389
783357
783327
783270
783122
783100
783055
783040
782880
782848
782836
782799
782766
782630
782530
782369
782273
782169
782161
782140
782035
781852
781538
781144
781019
780896
780714
780701
780425
780363
780232
780155
780086
780081
780059
780047
780044
780014
780003
779988
779964
779839
779654
779636
779612
779510
779494
779397
779356
779338
779051
778993
778981
778399
778333
778279
778220
777993
777894
777836
777757
777699
777681
777675
777438
777337
777303
777264
777191
776948
776759
776550
776466
776326
776311
776160
776086
776076
776051
775835
775738
775704
775340
775118
775075
774543
774532
774483
774425
774425
774350
774043
774005
773987
773985
773925
773914
773903
773846
773574
773567
773361
773328
773006
772985
772900
772873
772701
772686
772038
771891
771805
771767
771753
771737
771661
771487
771381
771148
771133
771101
771028
770722
770698
770661
770474
770162
770071
769965
769933
769848
769840
769583
769306
769192
768986
768936
768926
768897
768894
768750
768739
768620
768245
768241
768227
767701
767689
767639
767454
767443
767369
766973
766930
766851
766791
766791
766774
766673
766672
766634
766410
766276
766264
766025
766013
765996
765789
765770
765768
765714
765099
764894
764870
764838
764779
764688
764642
764617
764604
764592
764557
764479
764439
764399
764309
764304
764294
764264
764084
764025
763951
763846
763805
763554
763462
763400
763370
763320
763184
763168
762750
762703
762460
762320
762296
762228
762191
762134
762042
761802
761784
761572
761476
761266
761242
761241
761203
761178
761067
761057
760913
760823
760708
760575
760557
760503
760502
760497
760445
760305
760246
760133
760113
759929
759906
759880
759705
759694
759452
759398
759057
758875
758768
758757
758718
758654
758651
758641
758585
758488
758475
758445
758387
758383
758203
758136
758086
758040
758021
757997
757994
757775
757689
757434
757419
757319
757223
757157
756844
756722
756660
756582
756545
756433
756346
756250
756203
756135
756012
755858
755806
755707
755699
755671
755566
755362
755171
754943
754925
754878
754806
754575
754535
754235
754140
754105
754080
754040
753862
753673
753654
753637
753577
753486
753478
753354
753036
753012
752966
752957
752735
752509
752483
752391
752359
752285
752275
752097
751912
751889
751776
751544
751477
751420
751099
751051
750805
750761
750679
750541
750368
750361
750326
750312
750172
750126
750122
750057
749974
749955
749815
749812
749793
749783
749776
749681
749674
749633
749408
749343
749259
749240
749165
749068
748837
748829
748744
748698
748625
748595
748332
748299
748274
748229
748111
747966
747830
747786
747784
747774
747752
747713
747575
747514
747499
747498
747413
747318
747055
747043
746876
746831
746701
746414
746391
746357
745974
745838
745687
745561
745415
745353
744976
744766
744705
744612
744551
744470
744406
744369
744303
744299
744277
744181
743807
743782
743753
743738
743706
743681
743654
743621
743442
743295
743146
743145
743133
742987
742944
742939
742881
742872
742778
742714
742708
742680
742677
742559
742350
742326
742084
741741
741733
741692
741549
741515
741473
741469
740983
740860
740563
740333
740145
740116
740104
740098
740020
739636
739628
739501
739439
739317
739262
739262
739156
739112
738785
738637
738580
738513
738460
738453
738451
738421
738402
738323
738271
738216
738169
738115
737836
737715
737503
737254
737233
737220
737148
736975
736866
736702
736596
736470
736393
736353
736323
736321
736190
736115
736089
735990
735948
735859
735538
735423
735410
735366
735234
734970
734956
734924
734831
734582
734539
734510
734472
734457
734457
734372
734357
734327
734299
734243
734186
734161
734087
734070
733944
733836
733765
733757
733357
733318
733311
733294
733216
733189
733076
733024
732801
732757
732706
732684
732675
732614
732563
732531
732419
732347
732145
732117
731993
731910
731866
731767
731693
731533
731270
731261
731217
731041
730957
730881
730838
730773
730747
730720
730402
730396
730302
730259
730115
730090
730035
729942
729941
729931
729897
729844
729674
729606
729560
729481
729460
729280
729187
729155
729102
729065
729033
728890
728806
728800
728715
728535
728495
728465
728463
728414
728354
728353
728266
728265
728134
728080
728065
727934
727785
727763
727759
727580
727485
727246
727228
727053
726963
726945
726933
726809
726734
726597
726576
726419
726385
726385
726252
726247
726162
726049
725972
725937
725632
725418
725387
725345
725341
725258
725110
725092
724975
724890
724877
724873
724748
724607
724521
724472
724028
723896
723862
723852
723850
723770
723694
723653
723476
723316
723190
723035
723031
723008
722780
722704
722673
722560
722501
722465
722340
722211
722158
722122
722102
722047
722013
721461
721447
721269
721040
720990
720820
720807
720761
720722
720708
720565
720562
720451
720441
720408
720382
719983
719940
719910
719724
719583
719459
719346
719283
719264
719088
718989
718835
718592
718582
718350
718150
718029
717809
717739
717686
717553
717467
717404
717232
717023
716969
716965
716911
716638
716610
716556
716499
716418
716382
716322
716268
716078
716076
715828
715798
715763
715702
715505
715504
715469
715372
715285
715228
714921
714875
714848
714765
714380
714317
714215
714182
714169
714124
714122
713695
713450
713177
713168
712933
712550
712540
712313
712063
711957
711823
711812
711729
711666
711374
711305
711215
711072
711061
710967
710959
710798
710792
710638
710634
710565
710467
710421
710401
710178
710099
710067
710036
709935
709907
709725
709643
709500
709340
709192
708712
708689
708592
708405
708310
708300
708069
708038
707911
707852
707846
707730
707719
707650
707617
707572
707517
707001
706921
706906
706832
706763
706653
706435
706360
706357
706247
706053
706028
705793
705704
705503
705448
705188
705152
705127
705064
704698
704628
704533
704353
704227
704161
704117
703964
703845
703705
703569
703532
703477
703346
703281
703033
702961
702923
702673
702623
702617
702615
702548
702536
702522
702398
702390
702251
702137
702003
702000
701777
701591
701561
701354
701276
700910
700896
700811
700732
700663
700539
700456
700376
700361
700354
700330
700262
700240
700130
700072
699987
699529
699272
699072
699043
698788
698780
698763
698595
698112
698078
698076
698067
697645
697509
697446
697429
697411
697339
697215
697164
697051
696819
696817
696805
696732
696595
696502
696438
696425
696401
696207
695953
695525
695423
695285
694875
694792
694662
694627
694619
694551
694510
694217
694144
694083
693885
693401
693170
693066
692869
692804
692736
692607
692507
692324
692224
691989
691864
691803
691733
691421
691283
691146
691060
690817
690803
690446
690274
690219
690085
690006
689964
689905
689828
689795
689462
689364
689320
689307
689261
689144
689130
689064
689056
688849
688817
688774
688661
688595
688582
688559
688502
687935
687760
687570
687405
687316
687117
686985
686923
686748
686712
686709
686686
686623
686602
686570
686439
686428
686413
686266
686175
686110
686029
685985
685967
685824
685800
685718
685660
685502
685464
685451
685385
685237
685060
685045
685000
684615
684544
684537
684495
684363
684297
684107
684052
683864
683788
683776
683694
683503
683493
683300
683280
683118
683064
682389
682369
682368
681777
681631
681312
681177
681073
680895
680769
680667
680585
680571
680565
680328
680200
679831
679675
679645
679584
679578
679565
679479
679461
679363
679231
679192
679164
679149
678747
678681
678658
678571
678566
678564
678391
678241
678072
677964
677862
677501
677466
677365
677255
677250
677181
677158
677117
677029
676865
676815
676695
676633
676423
676151
676085
676041
676026
676019
675951
675797
675663
675395
675313
675266
675241
674791
674723
674679
674560
674524
674321
674175
674094
673898
673735
673708
673610
673575
673531
673337
673335
673210
673096
673029
673002
672945
672847
672819
672812
672590
672584
672402
672303
672300
672206
671900
671716
671516
671481
671413
671129
671027
670946
670883
670872
670857
670833
670678
670431
670425
670388
670300
670209
670197
670087
670070
669760
669366
669365
669283
669165
669072
669067
668777
668714
668534
668445
668353
668320
667928
667813
667794
667793
667564
667501
667486
667469
667444
667429
667349
667329
667203
667170
667073
667033
666967
666950
666922
666884
666771
666473
666449
666421
666386
666359
666114
666088
666008
665800
665652
665589
665521
665443
665322
665239
665219
665179
665043
665028
664876
664838
664773
664715
664708
664661
664606
664555
664536
664496
664435
664401
664366
664172
663904
663859
663757
663677
663661
663600
663555
663546
663472
663454
663396
663380
663319
663296
662948
662843
662704
662629
662483
662458
662391
662187
662178
662080
662074
662042
662006
661995
661932
661887
661887
661852
661801
661637
661603
661578
661575
661449
661405
661391
661283
661280
661192
661013
660992
660839
660244
660176
660069
660055
660052
659916
659873
659633
659580
659464
659334
659244
659234
659221
659154
659089
658977
658968
658892
658782
658742
658735
658650
658591
658501
658501
658338
658254
658252
658081
658056
658056
658029
657986
657895
657838
657780
657651
657565
657471
657178
657172
657089
656877
656874
656809
656538
656470
656387
656231
656172
656141
656104
656024
656013
655794
655777
655677
655663
655525
655497
655287
655083
654908
654835
654826
654643
654553
654538
654500
654478
654475
654421
654389
654225
654175
654170
653756
653717
653668
653592
653523
653440
653156
653138
653016
652901
652855
652765
652756
652539
652496
652464
652417
652402
652373
652195
652008
651804
651767
651692
651683
651619
651579
651552
651523
651501
651179
651151
651065
650892
650811
650786
650641
650459
650416
650343
650312
650048
649893
649787
649548
649324
649243
649199
649149
649000
648789
648789
648574
648544
648163
648146
648071
647959
647857
647645
647599
647303
647268
647137
647130
647074
647062
647034
646901
646880
646859
646729
646678
646412
646412
646383
646328
646208
646005
645932
645799
645769
645674
645440
645353
645345
645327
645169
645119
645052
644740
644706
644359
643971
643954
643587
643486
643417
643401
643182
643087
643076
643044
642924
642791
642648
642476
642394
642260
642247
642070
641900
641734
641562
641500
641478
641357
641340
641321
640972
640818
640725
640665
640611
640469
640417
640300
640264
640252
640160
640045
639709
639692
639678
639670
639628
639551
639540
639328
639152
638523
638442
638401
638289
638162
638079
637677
637673
637632
637625
637557
637527
637455
637453
637418
637178
637132
637023
637004
636946
636808
636603
636574
636468
636392
636366
636331
636187
635941
635919
635876
635839
635793
635747
635386
635334
635327
635280
635276
635065
635003
634937
634924
634844
634800
634316
633758
633608
633598
633561
633479
633138
633110
633087
633082
633008
632984
632934
632904
632748
632728
632709
632606
632261
632154
632085
632077
632007
631994
631889
631723
631715
631659
631625
631546
631517
631473
631428
631409
631376
630850
630826
630781
630745
630698
630668
630544
630508
630499
630456
630439
630370
630310
630301
630021
629771
629514
629493
629397
629157
629122
628941
628930
628905
628897
628896
628848
628706
628494
628419
628351
628312
628301
628194
628165
628133
628039
627893
627886
627733
627630
627496
627384
627339
627327
627148
627013
626958
626916
626882
626868
626553
626377
626315
626191
625968
625947
625928
625862
625790
625462
625443
625401
625302
625048
624787
624726
624637
624473
624449
624411
624322
624266
624201
624096
623877
623627
623539
623532
623465
623386
623343
623292
623280
622995
622856
622790
622771
622580
622544
622541
622313
621735
621731
621692
621416
621239
621212
621169
621159
621100
621016
620917
620884
620856
620841
620788
620485
620480
620300
620296
620096
620075
620059
619962
619877
619847
619786
619736
619669
619461
619419
619328
619298
618912
618725
618635
618606
618463
618047
618031
617921
617918
617916
617893
617835
617799
617797
617782
617737
617505
617412
617158
616927
616924
616896
616878
616837
616702
616626
616610
616521
616521
616467
616419
616380
616376
616159
615792
615682
615661
615564
615218
614978
614817
614795
614514
614480
614355
614282
614275
614203
614074
614024
614014
614009
613994
613808
613750
613502
613031
612916
612913
612690
612659
612599
612554
612509
612470
612437
612258
612012
611918
611590
611557
611540
611389
611231
611012
610884
610880
610661
610654
610623
610577
610537
610477
610427
610365
610310
610120
610028
609978
609955
609783
609745
609690
609663
609546
609530
609350
609112
609093
609071
609014
608807
608657
608639
608387
608285
608278
608185
608162
608055
607843
607778
607710
607471
607205
607198
607187
607074
607035
606959
606949
606686
606590
606550
606462
606394
606239
606046
606027
605423
605417
605414
605350
605347
605050
604853
604838
604761
604701
604684
604537
604493
604489
604482
604428
604308
604299
604013
603921
603807
603773
603642
603553
603519
603481
603437
603223
603215
603088
603060
603048
602949
602911
602839
602811
602809
602750
602706
602603
602276
602201
602162
602081
601906
601770
601610
601597
601515
601308
601272
601251
601130
601125
600974
600784
600709
600621
600572
600397
600393
600365
600292
600281
599899
599809
599765
599227
599222
599112
599081
599002
598598
598559
598523
598390
598245
598237
598236
598034
597681
597550
597496
597450
597442
597310
597078
596759
596654
596541
596535
596437
596427
596419
596147
596126
596019
595784
595753
595615
595399
595330
595209
595153
595030
594986
594972
594899
594854
594725
594681
594377
594336
594258
594239
594022
593927
593924
593920
593854
593793
593713
593707
593452
593382
593303
593230
593174
593151
593121
592950
592935
592753
592660
592457
592354
592303
592254
592208
592204
592186
592024
591964
591878
591841
591795
591764
591688
591682
591565
591554
591242
591095
591094
591090
590966
590791
590639
590605
590581
590449
590343
590321
590204
590169
590002
589940
589865
589858
589749
589706
589669
589638
589579
589497
589471
589392
589037
589012
589004
588937
588853
588821
588725
588500
588441
588286
588240
588229
588197
588126
587856
587835
587793
587689
587684
587673
587614
587571
587348
587281
587112
587077
586882
586765
586739
586651
586576
586521
586449
586437
586381
586306
586277
586211
586119
586080
586062
586021
585938
585928
585884
585697
585657
585556
585219
585139
585126
585069
585046
584789
584740
584538
584296
584276
584146
584069
584015
583645
583530
583513
583251
583150
583112
583008
582960
582844
582820
582547
582400
582243
582185
582180
582134
582041
581959
581945
581830
581798
581646
581524
581519
581304
581019
580948
580915
580820
580536
580458
580442
580429
580412
580196
580007
579906
579830
579458
579259
579124
579058
578999
578917
578826
578820
578800
578443
578414
578346
578338
578337
578261
578237
578192
578171
578014
577839
577646
577549
577241
577182
577148
577115
577097
577006
576861
576838
576697
576659
576640
576457
576353
576306
576182
576026
575791
575755
575698
575647
575432
575390
575282
575188
574768
574671
574660
574571
574521
574470
574402
574126
574079
574047
574011
573884
573651
573624
573484
573438
573332
573280
573233
573228
573069
573018
573005
572973
572932
572448
572297
572070
571859
571721
571487
571485
571454
571389
571273
571206
571118
571098
571087
571060
571022
570982
570884
570713
570668
570426
570343
570282
570255
569466
569424
569387
568974
568843
568823
568774
568682
568653
568649
568498
568437
568422
568420
568359
568194
568101
567650
567637
567561
567480
567454
567429
567405
567282
567113
567101
567053
567050
566900
566800
566470
566317
566256
566201
566176
566112
565895
565815
565767
565714
565567
565390
565258
565077
565044
564953
564686
564284
564137
563972
563710
563655
563471
562970
562966
562799
562754
562700
562545
562542
562525
562198
561997
561955
561951
561908
561733
561652
561524
561406
560894
560881
560814
560662
560577
560510
560299
560289
560198
560197
559949
559608
559511
559489
559258
559224
559180
559156
559126
558944
558239
558207
558151
558115
557839
557824
557754
557711
557672
557418
557407
557401
557249
557215
557141
557091
557057
557040
556900
556719
556471
556380
556263
556107
555733
555727
555514
555421
555400
555394
555316
555277
555227
554971
554927
554718
554679
554654
554654
554550
554461
554273
553989
553564
553416
553272
553170
553089
552924
552602
552592
552558
552375
552344
552332
552220
552199
552066
552029
551829
551781
551715
551678
551672
551564
551123
551122
550778
550772
550694
550615
550583
550440
550361
550163
550023
549932
549900
549706
549578
549395
549374
549350
549138
548877
548688
548677
548663
548540
548535
548478
548282
548253
548105
548084
547869
547845
547808
547807
547806
547644
547633
547514
547338
547335
547333
546918
546805
546699
546631
546450
546352
546283
546096
546091
546082
546074
546073
546050
546026
545906
545687
545680
545673
545647
545643
545594
545570
545454
545409
545283
545239
545221
545180
545126
545054
545007
544911
544883
544820
544761
544652
544648
544620
544567
544468
544412
544115
544085
544015
543914
543890
543680
543663
543654
543484
543259
543257
543184
543177
543156
543134
542674
542660
542633
542521
542476
542387
542365
542321
542280
542263
542245
542174
542172
542017
541878
541799
541595
541116
541041
540638
540451
540433
540425
540348
540231
540170
540066
540052
539997
539832
539817
539741
539609
539568
539550
539461
539325
539274
539139
539075
539034
539023
538943
538735
538699
538364
538337
538031
537937
537816
537709
537669
537535
537415
537387
537346
537324
537180
536996
536651
536463
536314
536101
536007
536006
536003
535940
535930
535899
535877
535859
535782
535649
535527
535313
535309
535202
535195
535175
534823
534741
534674
534455
534430
534279
533934
533723
533699
533616
533586
533565
533544
533487
533445
533389
533379
533369
533322
533315
533314
533167
533089
533032
532930
532793
532704
532636
532288
532277
532272
532235
532080
531876
531868
531739
531584
531511
531504
531469
531449
531406
531348
531330
530874
530712
530544
530461
530453
530421
530399
530261
530003
529950
529701
529448
529380
528985
528851
528815
528682
528660
528493
528324
528184
528074
527858
527858
527819
527694
527581
527558
527421
527263
527148
527085
527076
526717
526716
526557
526503
526410
526387
526321
526167
526108
526039
525755
525727
525568
525380
525309
525270
525185
525098
524726
524696
524643
524523
524522
524502
524045
523858
523850
523265
523262
523256
523207
523096
523037
522996
522972
522781
522668
522583
522541
522508
522249
522156
522036
521970
521929
521733
521712
521653
521613
521606
521595
521450
521438
521392
521372
521288
521279
521233
521216
521158
520942
520832
520720
520689
520460
520397
520109
520052
519916
519831
519760
519474
519434
519414
519292
519107
518984
518894
518838
518835
518708
518537
518531
518510
518509
518378
518302
518094
517985
517966
517936
517904
517845
517533
517366
517330
517235
517203
517086
517013
516978
516923
516893
516853
516775
516746
516712
516681
516673
516663
516632
516518
516489
516410
516178
516133
515791
515770
515736
515616
515585
515579
515352
515324
515238
515114
515084
515016
514991
514969
514948
514873
514560
514539
514509
514182
514179
514080
514016
513708
513687
513661
513582
513364
513183
513038
512956
512909
512870
512830
512747
512655
512646
512600
512523
512280
512206
512164
512139
512060
511956
511932
511837
511567
511558
511531
511254
511124
511083
510929
510892
510852
510816
510627
510572
510553
510501
510476
510458
510335
510320
510315
510049
509823
509800
509490
509443
509198
509189
509122
508946
508506
508332
508150
508080
507879
507838
507803
507801
507643
507640
507288
507283
507221
507193
507101
507068
506994
506867
506840
506683
506679
506543
506269
506268
506235
506081
506041
506008
505988
505792
505790
505790
505717
505642
505623
505580
505549
505472
505302
505298
505269
505077
504996
504828
504650
504449
504318
503695
503638
503295
503224
503187
503106
502757
502284
502258
501972
501924
501864
501810
501771
501676
501633
501587
501520
501449
501349
501277
501021
501017
500802
500661
500586
500489
500477
500434
500414
500397
500277
500269
500223
500209
500001
499994
499858
499803
499792
499585
499439
499432
499402
499322
499258
499153
499089
498952
498952
498825
498707
498577
498489
498359
498109
498097
498000
497890
497836
497633
497527
497421
497387
497343
497261
497180
497118
497046
496730
496455
495987
495884
495828
495801
495673
495611
495406
494897
494785
494737
494674
494665
494632
494592
494559
494457
494409
494395
494364
494331
494302
494256
494182
494149
494086
493854
493563
493488
493464
493442
493386
493371
493255
493113
492959
492915
492847
492770
492720
492706
492694
492663
492550
492377
492283
492277
492171
492112
492069
492049
491974
491922
491887
491815
491787
491572
491560
491515
491374
491240
491205
491190
490858
490854
490849
490803
490761
490735
490682
490537
490473
490422
490048
489940
489884
489827
489773
489748
489738
489567
489527
489488
489408
489307
489298
489168
488997
488910
488740
488697
488669
488641
488370
488339
488193
488182
487972
487545
487527
487188
487087
486854
486827
486668
486604
486450
486419
486388
486373
486218
486198
485957
485942
485500
485442
485312
485278
485122
485107
485095
484845
484822
484687
484602
484406
484395
484257
484226
484226
484024
483977
483931
483901
483746
483682
483597
483553
483316
483244
483223
483206
483161
483113
483107
482926
482898
482779
482723
482722
482681
482560
482525
482493
482408
482327
482301
482288
482268
482152
482118
482067
482053
481972
481867
481791
481765
481649
481607
481476
481146
481142
480701
480641
480563
480365
480100
479835
479546
479424
479357
479336
479072
479070
478922
478847
478825
478811
478740
478663
478623
478620
478349
478031
477916
477537
477469
477455
477336
477293
477231
477228
477159
477109
476769
476690
476651
476377
476281
476275
476170
476164
476126
476108
476022
476004
475991
475962
475924
475843
475813
475792
475757
475699
475580
475409
475351
475297
475276
475256
475179
475128
475021
474893
474744
474525
474464
474243
474239
474082
473947
473923
473895
473742
473723
473714
473594
473334
473297
473137
473098
473016
472322
472145
472076
472043
471997
471913
471790
471706
471639
471562
471515
471453
471356
471218
471176
471137
471125
471072
471058
470996
470970
470838
470770
470760
470731
470578
470514
470440
470436
470428
470285
470237
469959
469651
469542
469463
469408
469359
469356
469272
469101
469086
468944
468581
468402
468178
468061
467778
467690
467617
467616
467592
467542
467458
467437
467410
467281
467273
467259
467221
467143
467084
467040
466832
466831
466758
466747
466490
466396
466393
466389
466295
466249
466102
466071
466066
465969
465811
465712
465624
465615
465532
465510
465474
465435
465137
465111
464720
464381
464318
464223
463736
463652
463615
463609
463357
463313
463308
463292
463290
463081
463017
462946
462895
462875
462871
462838
462734
462727
462546
462506
462366
462341
462327
462172
462151
462128
462018
462002
461778
461758
461728
461720
461716
461659
461614
461573
461441
461348
461251
461164
461083
461032
460790
460684
460491
460268
460246
460131
460121
460001
459770
459745
459715
459452
459433
459246
459235
459187
459144
458992
458843
458683
458662
458617
458613
458508
458307
458115
458042
457939
457879
457777
457473
457401
457354
457295
457285
457241
457208
456746
456711
456618
456356
456293
456213
456146
456080
456021
455968
455961
455669
455667
455647
455622
455559
455394
455380
455322
455281
455189
455129
455104
455099
455091
454973
454690
454585
454576
454482
454453
454371
454328
454281
453968
453767
453673
453652
453566
453388
453286
453137
452925
452884
452732
452343
452024
451938
451934
451932
451858
451784
451532
451419
451224
451103
451073
451002
450960
450882
450782
450719
450673
450643
450589
450401
450292
450272
450015
450003
449821
449754
449725
449646
449497
449386
449241
449202
449058
448891
448886
448853
448831
448830
448810
448780
448727
448683
448678
448621
448593
448426
448426
448271
448249
448194
448075
447709
447611
447512
447482
447471
447166
447158
446914
446872
446838
446136
445972
445129
445093
445025
444856
444848
444828
444822
444787
444628
444566
444565
444535
444413
444170
443984
443952
443808
443646
443630
443464
443348
443232
443122
443019
442814
442670
442467
442445
442394
442363
442352
442335
442290
442162
442076
442051
442044
441945
441672
441616
441558
441303
441285
441125
441115
441088
441062
441013
440969
440877
440863
440806
440657
440622
440261
440188
440069
439600
439552
439489
439450
439434
439223
439083
438876
438683
438639
438558
438324
438094
438046
437864
437828
437803
437694
437518
437255
437222
437128
437069
437032
436884
436807
436749
436685
436654
436652
436650
436648
436617
436511
436359
436236
436129
436117
436032
435958
435889
435824
435714
435660
435595
435565
435509
435504
435451
435350
435290
435140
435122
434939
434860
434639
434554
434477
434418
434299
434201
434051
434012
434004
433942
433864
433817
433776
433737
433693
433591
433487
433345
433315
433263
433076
432983
432918
432864
432807
432744
432684
432543
432541
432314
432303
432142
432114
431997
431970
431841
431774
431761
431669
431582
431439
431278
431267
431185
431182
431011
430903
430851
430829
430816
430737
430700
430569
430519
430472
430449
430342
430175
430037
429969
429960
429943
429911
429812
429694
429568
429552
429542
429429
429278
429235
429150
429093
429049
429044
428946
428830
428812
428796
428700
428337
427939
427926
427894
427891
427878
427867
427763
427712
427701
427611
427398
427241
427182
427111
427069
427039
426995
426965
426869
426679
426676
426565
426356
426329
426313
426304
426099
426095
426070
425977
425809
425678
425666
425598
425540
424962
424801
424530
424109
424020
423997
423953
423866
423863
423815
423809
423777
423708
423676
423605
423224
423208
423157
422986
422957
422501
422282
422274
422242
422170
421979
421905
421841
421741
421686
421680
421513
421476
421364
421226
421212
421173
420850
420789
420773
420578
420567
420542
420477
420468
420401
420393
420217
420063
419961
419468
419459
419274
419184
419057
419038
418851
418743
418733
418691
418614
418570
418549
418539
418504
418480
418357
418162
418102
418034
417972
417831
417666
417660
417534
417531
417494
417408
417393
417329
417208
417193
417053
417032
416896
416643
416629
416617
416543
416453
416395
416327
416237
416066
415981
415788
415688
415684
415680
415668
415668
415337
415180
415093
415003
414874
414802
414676
414639
414571
414466
414388
414342
414205
413965
413930
413636
413606
413546
413528
413460
413447
413100
412911
412884
412760
412691
412625
412586
412386
412298
412070
411962
411885
411733
411732
411614
411546
411397
411262
411162
411158
410561
410549
410359
410248
409978
409770
409752
409742
409675
409435
409372
409296
408989
408909
408790
408785
408666
408594
408496
408455
408121
408072
407939
407722
407599
407463
407456
407298
407238
407219
407169
406987
406933
406496
406469
406448
406446
406234
406068
406044
405985
405956
405925
405629
405543
405446
405401
405335
405197
405067
404944
404846
404564
404539
404513
404490
404467
404096
403994
403966
403957
403889
403767
403723
403601
403563
403464
403400
403289
403132
403051
403032
403003
402955
402911
402713
402711
402672
402458
402418
402269
401873
401799
401663
401643
401395
401133
401054
401021
400979
400787
400693
400647
400622
400227
400156
399941
399663
399608
399540
399505
399309
399294
399263
399192
398988
398945
398694
398624
398540
398470
398461
398417
397886
397837
397635
397521
397433
397278
397087
397064
396971
396920
396901
396765
396724
396594
396243
396188
396173
396165
396114
395960
395947
395719
395646
395599
395586
395557
395396
395340
395279
395226
395174
395028
394818
394799
394758
394621
394579
394517
394253
394231
394134
393914
393897
393630
393580
393331
393293
393206
393200
393024
393003
392920
392878
392792
392696
392559
392404
392301
392282
392203
392108
391978
391878
391676
391668
391656
391645
391575
391563
391507
391473
391278
391127
390998
390829
390712
390647
390535
390494
390390
390375
390208
390130
390127
390048
389923
389569
389471
389399
389243
389162
389110
389071
388922
388890
388864
388862
388819
388809
388806
388710
388338
388200
388050
388015
387652
387528
387490
387187
387148
387083
387058
387035
386933
386927
386611
386541
386436
386322
386320
386245
386191
386175
386035
385902
385838
385837
385791
385476
385432
385391
385388
385338
385274
385201
385094
385086
384828
384733
384731
384403
384377
384210
384183
383857
383817
383655
383652
383485
383291
383278
383132
382856
382710
382692
382449
382379
382249
382244
382048
381924
381782
381760
381533
381531
380945
380854
380762
380621
380568
380554
380538
380384
380362
380041
379910
379804
379630
379587
379574
379405
379305
379168
379080
378924
378614
378464
378288
378097
378069
378069
378002
377472
377349
377012
377011
376832
376816
376743
376593
376362
376246
376225
376104
376058
375889
375861
375709
375666
375611
375533
375422
374992
374988
374900
374856
374662
374576
374495
374404
374353
374251
374105
374049
373812
373721
373693
373597
373398
373281
373224
373195
373044
372427
372395
372345
372333
372274
372211
372117
372060
372029
372021
371896
371794
371763
371720
371609
371492
371490
371480
371433
371173
371151
371099
371028
370996
370900
370808
370727
370667
370628
370562
370552
370388
370213
370123
369967
369852
369552
369498
369436
369187
368886
368669
368560
368388
368222
368198
368179
368085
368005
367746
367707
367610
367573
367459
367411
367368
367361
367329
367298
367189
367149
367135
366864
366857
366566
366235
366232
366166
366133
366037
366035
365744
365237
365207
365138
364910
364826
364815
364675
364635
364623
364505
364405
364396
364297
364185
364015
363957
363882
363862
363835
363737
363540
363251
363204
363184
363121
363107
363078
362928
362894
362496
362422
362323
362276
362104
362091
362058
361982
361926
361877
361839
361741
361587
361571
361545
361519
360988
360888
360833
360807
360628
360566
360454
360432
360317
360199
360146
359997
359945
359834
359719
359713
359707
359593
359520
359470
359427
359394
359315
359245
359164
358979
358829
358809
358699
358692
358672
358285
358192
357967
357905
357886
357815
357751
357652
357621
357612
357602
357434
357345
357098
356948
356882
356873
356783
356755
356595
356521
356398
356382
356343
356292
356257
356063
355926
355819
355808
355787
355700
355671
355586
355573
355568
355381
355095
355069
354942
354827
354818
354811
354711
354700
354658
354606
354444
354430
354380
354134
353930
353900
353744
353643
353643
353643
353471
353368
353263
353187
353180
353171
353078
353047
353046
352939
352868
352654
352610
352546
352511
352508
352429
352245
352201
352049
351957
351850
351601
351584
351539
351536
351403
351372
351368
351036
350647
350466
350233
350066
349591
349474
349470
349301
349246
349184
349083
349059
349025
348697
348648
348609
348600
348567
348547
348313
348184
348164
348127
348109
348047
348016
347940
347825
347747
347682
347678
347634
347410
347393
347384
347246
347175
347132
346994
346976
346894
346888
346840
346707
346329
346183
346140
346087
345725
345635
345510
345492
345421
345262
345238
345138
345060
345059
344867
344684
344659
344652
344525
344371
344345
344288
344199
344166
344138
344105
344103
343846
343781
343692
343634
343520
343497
342941
342770
342711
342681
342504
342297
342256
342025
341961
341933
341931
341910
341809
341724
341672
341400
341318
341040
340957
340885
340843
340823
340779
340432
340266
340108
339985
339844
339769
339753
339749
339585
339548
339276
339263
339208
339043
339026
338874
338773
338594
338458
338109
337756
337447
337432
337399
337367
337269
337254
337153
336879
336709
336668
336395
336384
336273
336233
335956
335808
335805
335747
335658
335497
335469
335439
335259
335179
335114
335039
334865
334635
334620
334614
334598
334558
334462
334378
334327
334226
334107
333878
333429
333176
332856
332714
332695
332650
332573
332572
332571
332195
332180
331937
331921
331849
331520
331215
331170
331100
330947
330425
330122
329947
329855
329342
329284
329230
329201
329135
328945
328797
328762
328589
328562
328478
328453
328225
328001
327789
327654
327566
327522
327498
327433
327349
327324
327101
327086
327031
327014
326955
326686
326149
326072
326004
325991
325675
325626
325610
325562
325201
325077
324858
324855
324762
324645
324633
324437
324425
324396
324332
324301
324237
324196
324153
324141
324044
323970
323885
323491
323470
323384
323303
323122
322789
322590
322547
322204
322188
321860
321692
321496
321441
321175
321159
321062
320868
320584
320545
320455
320291
320179
320152
320054
319941
319897
319881
319740
319656
319622
319550
319350
319285
319106
318634
317745
317719
317602
317424
317277
317034
316974
316921
316857
316805
316583
316556
316555
316540
316450
316430
316402
316058
316028
316020
315928
315924
315900
315862
315779
315709
315653
315633
315473
315398
315380
315240
315209
315137
314998
314849
314825
314752
314466
314464
314410
314355
314031
313969
313947
313938
313675
313628
313596
313310
313148
313110
313002
312878
312766
312685
312576
312360
312246
312005
311944
311802
311727
311717
311676
311594
311565
311563
311508
311504
311499
311485
311391
311162
310988
310984
310790
310547
310511
310497
310454
310334
310300
310277
310129
309643
309613
309610
309401
309355
309327
309312
309231
309216
309160
308865
308828
308815
308640
308198
308182
308080
307993
307891
307882
307848
307825
307772
307712
307448
307293
307283
307246
306912
306890
306729
306639
306325
306246
306124
306058
305988
305908
305700
305522
305437
305432
305332
305305
305086
304654
304654
304618
304514
304177
304121
304101
303996
303939
303878
303803
303798
303616
303581
303543
303488
303473
303286
303235
303107
303100
303058
302828
302756
302734
302658
302510
302485
302376
302129
302053
301878
301864
301753
301720
301666
301621
301604
301463
301332
301203
301176
301172
300984
300778
300510
300356
300335
300309
300265
300221
300196
300063
300061
300053
299870
299861
299818
299634
299569
299349
299328
299326
299297
299201
299091
299014
298976
298941
298809
298778
298694
298579
298356
298345
298299
298172
297993
297902
297805
297777
297710
297622
297535
297499
297301
297268
297165
297040
297015
296954
296846
296574
296254
296164
296098
296023
295944
295858
295856
295763
295478
295351
295231
294875
294829
294744
294597
294592
294580
294572
294542
294359
294358
294262
294140
293965
293916
293864
293762
293323
293184
292977
292956
292936
292884
292809
292500
292409
292333
292326
292244
292210
292192
292179
292164
291978
291957
291894
291794
291563
291455
291103
291082
291040
290999
290861
290815
290748
290485
290466
290331
290327
290146
289985
289954
289859
289826
289770
289762
289687
289640
289638
289372
289359
289328
289305
289301
289213
288951
288651
288541
288464
288431
288409
287793
287769
287689
287650
287609
287581
287508
287424
287399
287286
287251
287224
287144
286905
286883
286801
286748
286717
286551
286398
286254
286096
286094
286043
286034
285991
285748
285727
285687
285603
285541
285463
285296
285287
284949
284591
284532
284346
284305
284238
284070
284008
283945
283928
283890
283888
283872
283743
283630
283554
283500
283405
283372
283272
282925
282875
282816
282741
282716
282651
282615
282525
282424
282298
282257
282223
282082
282001
281935
281930
281868
281700
281690
281625
281594
281536
281528
281507
281394
281385
281256
281251
281183
281156
281135
281131
281104
281056
280972
280960
280946
280855
280541
280502
280307
280053
279906
279900
279824
279807
279751
279745
279514
279481
279263
279261
279255
279131
279043
279035
278980
278747
278738
278696
278689
278512
278371
278272
278105
278095
277894
277785
277638
277481
277452
277439
277434
277414
277001
276975
276917
276842
276477
276383
276324
276303
276215
276209
276070
275880
275810
275799
275733
275578
275522
275463
275453
275400
275389
275131
275126
275124
275067
274942
274913
274843
274779
274753
274718
274497
273985
273974
273928
273859
273832
273344
273287
272966
272933
272902
272647
272640
272599
272546
272446
272363
272136
272128
271791
271709
271698
271633
271602
271550
271353
271333
271328
271275
271239
271213
270948
270934
270847
270609
270521
270503
270499
270480
270008
269962
269916
269899
269816
269812
269791
269692
269691
269595
269521
269360
269320
269154
269067
269051
268977
268832
268644
268598
268570
268535
268468
268449
268104
268093
267550
267440
267251
267137
266953
266844
266776
266720
266711
266694
266641
266583
266508
266340
266129
266033
265804
265779
265716
265415
265411
265217
265121
265115
264747
264710
264686
264659
264655
264320
264223
264114
264106
264104
264102
264054
263972
263941
263925
263908
263896
263806
263602
263508
263217
262914
262906
262877
262691
262312
262294
262231
262223
262100
261784
261581
261548
261476
261406
261203
261104
261056
261056
260914
260893
260841
260697
260638
260581
260534
260517
260262
260106
259969
259892
259879
259835
259743
259724
259637
259507
259342
259317
259223
259222
259181
259171
258389
258151
257864
257858
257796
257581
257516
257412
257410
257370
257266
257086
256725
256637
256598
256559
256542
256458
256450
256240
255982
255965
255840
255792
255471
255445
255367
255271
255223
255084
254857
254732
254652
254556
254497
254477
254351
254141
254112
254106
253978
253971
253818
253765
253705
253693
253674
253605
253335
253252
253077
253042
252858
252601
252485
252478
252389
252256
252133
252131
252029
252010
251942
251743
251705
251562
251529
251205
251178
251001
250914
250907
250570
250495
250396
250370
250295
250170
249949
249846
249767
249508
249459
249381
249266
249137
249071
249023
248924
248848
248847
248660
248659
248430
248401
248364
248283
248230
248208
248059
248003
247833
247832
247804
247668
247579
247515
247490
247112
247011
246919
246781
246760
246692
246454
246416
246406
246397
246391
246369
246287
246252
246190
246157
246136
246119
245716
245690
245683
245682
245657
245491
245351
245308
245260
245077
244896
244745
244717
244376
244373
244154
244114
244081
243888
243756
243697
243555
243488
243433
243225
242743
242724
242674
242652
242567
242490
242490
242279
242274
242247
242176
242158
242034
241988
241982
241955
241784
241714
241635
241410
241320
241117
240986
240889
240826
240804
240697
240697
240629
240484
240284
240235
240168
240146
240140
239823
239785
239743
239694
239642
239549
239453
239434
239117
238825
238818
238763
238555
238553
238520
238429
238183
238158
237943
237822
237772
237753
237614
237501
237167
237111
237007
236956
236774
236588
236553
236235
236186
236154
236141
236099
236062
235881
235826
235699
235698
235612
235551
235518
235387
235385
235376
235232
235168
235125
234806
234646
234592
234528
234181
233785
233536
233317
233154
232997
232962
232944
232926
232436
232399
232352
232331
232163
232091
232022
232009
231967
231952
231854
231816
231714
231529
231498
231079
230625
230229
229966
229849
229824
229735
229703
229540
229535
229525
229484
229375
229125
229051
229029
229027
229015
228926
228829
228750
228530
228424
228247
228201
228153
228113
228076
227876
227754
227677
227636
227389
227386
227263
227227
227220
227131
227081
226763
226583
226556
226538
226485
226313
226224
226218
226136
226018
225886
225884
225638
225629
225557
225472
225385
225359
225259
225227
225212
225091
225014
224833
224606
224546
224390
224358
224345
224222
224176
224167
224159
223909
223864
223742
223741
223480
223391
223360
223346
223338
223260
222977
222344
222171
222120
221737
221621
221479
221426
221194
221152
221135
221027
220952
220920
220833
220641
220593
220512
220434
220427
220253
219933
219866
219838
219813
219775
219740
219735
219427
219391
219239
219100
219027
219004
218875
218623
218618
217982
217979
217929
217860
217818
217809
217787
217597
217391
217294
216885
216829
216821
216764
216729
216532
216514
216307
216105
215996
215864
215780
215539
215530
215507
215490
215355
215262
215192
215180
215011
214888
214580
214380
214299
214259
214151
214087
213859
213841
213683
213623
213619
213583
213360
213081
213045
212761
212745
212383
212353
212113
212053
211888
211850
211761
211749
211622
211620
211594
211455
211252
211120
211073
211050
211038
210942
210856
210721
210693
210589
210384
210242
210062
210002
209925
209817
209790
209789
209688
209677
209626
209583
209449
209424
209406
209353
209234
209029
208936
208891
208829
208589
208515
208405
208280
208095
207989
207710
207353
207336
207201
207065
207052
207040
206870
206841
206813
206802
206626
206451
206416
206281
205984
205923
205715
205553
205415
205299
205183
205178
205126
204983
204917
204904
204766
204688
204374
204331
204251
204239
204099
204017
203949
203651
203506
203347
203320
203316
203080
203066
202941
202930
202923
202661
202441
202300
202155
202141
202113
202023
201918
201893
201876
201819
201813
201715
201674
201630
201582
201425
201326
201309
200916
200915
200806
200796
200790
200781
200752
200579
200558
200506
200458
200232
200162
199896
199782
199742
199738
199736
199504
199466
199297
199169
198983
198965
198921
198703
198662
198467
198330
198159
198142
198140
197954
197896
197872
197524
197487
197261
197210
197176
197064
197027
196881
196856
196809
196776
196681
196533
196410
196268
196199
196199
196178
196032
195982
195980
195860
195858
195841
195704
195664
195585
195522
195434
195362
195197
195179
194911
194702
194643
194632
194506
194464
194416
194388
194320
194179
194162
194068
194057
193782
193680
193533
193476
193415
193395
193365
193307
193298
193253
193192
193067
192985
192977
192851
192728
192384
192244
192015
191898
191489
191352
190995
190794
190735
190722
190685
190510
190439
190379
190368
190340
190190
189999
189968
189866
189844
189773
189467
189444
189428
189397
188977
188945
188854
188784
188701
188666
188614
188485
188192
188185
188048
188033
187980
187852
187582
187534
187510
187335
187328
187007
186803
186770
186683
186680
186665
186612
186555
186494
186383
185730
185714
185508
185494
185319
185315
185296
185294
185245
185231
185129
185091
184979
184850
184845
184714
184686
184125
183884
183816
183639
183529
183442
183423
183294
183274
183269
183246
183194
183155
183114
183102
183058
183013
182949
182796
182692
182538
182415
182393
182190
182073
181969
181843
181826
181776
181529
180816
180636
180593
180551
180167
180121
180100
180025
179976
179698
179469
179449
179341
179312
179277
179179
179069
178983
178932
178808
178659
178545
178498
178391
177925
177873
177856
177755
177588
177572
177498
177182
176993
176954
176715
176584
176554
176495
176332
176306
176298
176278
176185
176180
176133
176115
175702
175643
175532
175410
175403
175357
175315
175115
174738
174675
174636
174612
174591
174571
174521
174390
174348
174279
174169
174168
174012
173919
173665
173530
173476
173441
173425
173301
173289
173283
173237
173206
173175
173104
172925
172894
172832
172687
172653
172463
172416
172174
172143
172132
172070
172043
171554
171439
171390
171185
171160
171132
170968
170949
170937
170708
170705
170690
170650
170624
170520
170462
170372
170344
170066
170052
170043
170002
169708
169697
169589
169327
169234
168910
168909
168880
168835
168774
168549
168309
168160
167814
167792
167490
167474
167459
167180
167104
166970
166875
166684
166398
166216
166205
166102
166024
165901
165765
165735
165495
165135
165135
165088
165036
164775
164767
164663
164496
164308
164226
164121
164032
163977
163974
163816
163752
163719
163511
163491
162853
162637
162626
162538
162388
162161
162016
161989
161810
161797
161744
161715
161694
161374
161319
161251
161165
161086
161048
160930
160893
160855
160811
160793
160758
160721
160640
160626
160581
160331
160225
160034
159795
159724
159619
159576
159553
159470
159437
159415
159211
159082
159056
158896
158761
158736
158663
158133
158098
158025
157982
157855
157840
157816
157475
157337
157278
157236
157198
156961
156869
156724
156659
156657
156504
156450
156265
156212
156131
156068
156050
156048
155931
155856
155769
155688
155653
155580
155468
155444
155399
155328
155262
155222
155191
155000
154709
154533
154415
154352
154303
154299
154176
154123
154110
154000
153864
153758
153522
153472
153458
153419
153355
153286
153021
152773
152491
152253
152123
152111
152092
152091
152091
151979
151731
151508
151506
151487
151472
151198
151101
150955
150704
150610
150589
150568
150424
150357
150306
149919
149895
149840
149796
149727
149642
149527
149449
149435
149384
149340
149195
149165
149055
148892
148800
148783
148720
148650
148584
148541
148492
148474
148451
148422
148155
148055
148041
147846
147705
147660
147466
147386
147312
147265
147197
147113
147035
146912
146768
146742
146680
146635
146471
146204
146012
145996
145887
145773
145706
145606
145474
145419
145275
145031
144945
144924
144790
144617
144517
144490
144328
144211
144196
144192
143893
143819
143649
143632
143467
143435
143414
143379
143281
143224
143180
143137
143076
143063
142986
142874
142853
142800
142576
142314
142224
142160
141959
141672
141637
141492
141380
141375
141209
141189
141113
141021
140934
140917
140836
140790
140735
140468
140314
140177
140127
139703
139483
139470
139371
139356
139338
139147
139102
139099
138994
138919
138765
138494
138385
138286
138273
138254
138012
137964
137940
137903
137755
137432
137336
137137
137124
137014
136985
136965
136904
136893
136676
136544
136538
136503
136476
136432
136309
136302
136139
136106
136095
135972
135839
135768
135661
135633
135549
135514
135441
135364
135282
135237
135166
135095
135034
135021
134926
134831
134768
134749
134701
134623
134533
134500
134491
134418
134414
134371
134210
134207
134183
134151
134067
133890
133851
133793
133636
133621
133539
133409
133396
133164
133076
132952
132945
132851
132762
132482
132380
132241
132098
132095
131978
131627
131574
131557
131387
131316
131046
131022
130986
130974
130941
130786
130642
130608
130371
130277
130254
130247
130086
129985
129867
129707
129450
129419
129371
129259
129247
128978
128822
128700
128614
128397
128329
128327
128285
128272
128009
127998
127981
127925
127922
127890
127884
127828
127723
127477
127351
127205
127182
127160
126963
126697
126549
126438
126133
126117
126104
126020
125730
125409
125125
125084
125065
124970
124943
124601
124599
124519
124341
124207
124177
124144
123903
123879
123878
123730
123714
123707
123644
123531
123499
123457
123154
123082
123063
122971
122941
122847
122713
122517
122487
122483
121917
121865
121711
121625
121423
121407
121311
121216
121204
121102
120975
120948
120784
120703
120541
120419
120158
120049
119816
119764
119573
119501
119279
119262
119151
119094
119077
118656
118635
118626
118615
118603
118571
118387
118326
118206
117965
117732
117729
117584
117421
117325
117252
117193
117192
117186
117028
117028
116981
116905
116818
116757
116757
116578
116532
116380
116239
116174
116128
116110
116093
116063
116007
115973
115965
115956
115883
115749
115726
115707
115683
115656
115424
115112
115081
114946
114850
114757
114662
114489
114467
114337
114274
114195
114193
114175
114171
114147
114146
114078
113997
113870
113803
113793
113580
113217
113161
113136
113087
113020
112890
112847
112815
112660
112493
112399
112372
112342
112301
112282
112220
112147
112028
111978
111930
111735
111657
111647
111643
111613
111520
111486
111410
111403
111382
111152
111122
110993
110956
110908
110810
110773
110713
110543
110320
110147
110095
109994
109779
109765
109582
109451
109130
109061
108901
108818
108808
108729
108567
108469
108467
108392
108370
108268
108225
108191
108178
108160
108157
108138
107890
107887
107643
107537
107486
107413
107173
107146
107044
106963
106905
106854
106679
106608
106587
106544
106498
106496
106462
106399
106195
106147
106141
106122
106041
106030
105940
105932
105888
105841
105782
105756
105607
105544
105491
105392
105251
105238
105201
105183
105173
104969
104926
104722
104610
104534
104434
104320
104094
104055
103876
103821
103736
103628
103609
103559
103419
103403
103226
103078
103027
102860
102673
102647
102548
102515
102484
102479
102413
102377
102279
102140
102127
102121
102072
101926
101859
101837
101703
101538
101448
101152
101051
100873
100731
100590
100401
100265
100087
100005
99908
99816
99695
99656
99610
99579
99497
99388
99332
99305
99296
99246
99187
99177
99087
99048
98906
98858
98597
98478
98412
98371
98352
98253
98089
97973
97737
97709
97591
97572
97407
97292
97279
97270
97139
97099
97058
96993
96822
96771
96615
96369
96357
96191
96178
96087
96053
95956
95692
95657
95510
95473
95452
95173
95081
94856
94829
94695
94651
94600
94599
94320
94134
94009
93991
93920
93820
93773
93707
93641
93563
93508
93417
93362
93320
93270
92994
92886
92858
92813
92691
92654
92355
92289
92277
92275
92268
92202
92188
92129
92068
91954
91792
91786
91697
91687
91545
91467
91357
91321
91185
91084
91071
90997
90976
90833
90828
90789
90717
90080
89950
89831
89755
89585
89458
89332
89101
89013
88872
88782
88453
88391
87985
87853
87786
87624
87505
86860
86776
86760
86640
86627
86579
86542
86481
86343
86305
86064
85933
85816
85801
85690
85381
85353
85151
85115
85115
85098
85084
84992
84958
84885
84756
84752
84608
84586
84553
84544
84280
84194
84165
84128
84004
83973
83838
83797
83663
83556
83547
83532
83426
83357
83200
83060
83037
82992
82875
82776
82738
82697
82427
82272
82089
81796
81750
81695
81194
81144
81010
80942
80850
80569
80228
80200
80165
79665
79465
79355
79274
79255
79254
79005
78933
78847
78842
78834
78713
78679
78655
78401
78268
78175
78146
78066
78064
77875
77607
77553
77543
77523
77508
77175
77058
76879
76662
76648
76426
76393
76260
76046
76007
75880
75862
75835
75818
75798
75650
75562
75524
75228
75199
74876
74672
74562
74548
74379
74139
73895
73819
73789
73766
73489
73317
73219
73018
72886
72800
72719
72557
72507
72504
72491
72408
72193
72167
71963
71958
71943
71867
71788
71735
71545
71220
71162
71157
71109
71029
70975
70903
70895
70758
70749
70678
70559
70416
70328
70262
70076
69823
69744
69708
69707
69522
69398
69383
69340
69291
69158
69145
69120
68983
68960
68837
68734
68432
68294
67797
67779
67710
67641
67457
67432
67404
67314
67312
67144
67104
66985
66929
66639
66585
66445
66387
66147
66009
65680
65562
64955
64906
64827
64818
64642
64435
64433
64428
64346
63809
63709
63666
63660
63597
63554
63394
63388
63297
63249
63215
63063
62988
62956
62954
62889
62856
62802
62773
62676
62649
62594
62511
62499
62423
62316
62269
62212
62174
62022
61989
61917
61910
61727
61595
61531
61491
61439
61401
61391
61322
61075
60938
60814
60724
60558
60518
60358
60355
60338
60338
60056
60050
59906
59849
59711
59675
59622
59357
59241
59086
58990
58936
58817
58672
58531
58451
58185
58104
57990
57988
57934
57706
57563
57493
57452
57419
57217
57120
57066
56905
56880
56813
56743
56696
56694
56616
56170
56162
56058
55402
55289
55063
55028
54998
54616
54522
54389
54366
54252
54078
53914
53888
53855
53803
53798
53739
53548
53503
53487
53221
53173
53143
53128
53110
52748
52641
52612
52551
52500
52269
52063
51970
51951
51925
51879
51840
51738
51461
51222
51117
51090
51036
50969
50937
50840
50648
50456
50388
50346
50120
50007
49811
49656
49465
49375
49304
48889
48846
48748
48636
48446
48433
48360
48337
48171
48117
48106
47904
47801
47713
47601
47578
47537
47354
47270
47155
47083
47018
47012
46907
46882
46846
46676
46570
46560
46531
46443
46439
46433
46339
46294
46288
46234
45890
45482
45481
45365
45329
45300
45262
45255
45140
45127
45091
45057
44994
44964
44958
44932
44714
44630
44347
44337
44291
44247
43739
43655
43584
43174
42963
42853
42844
42797
42787
42780
42481
42461
42309
42249
41815
41630
41544
41503
41449
41432
41318
41256
41237
41206
40929
40528
40439
40363
40318
40188
40173
40064
39939
39927
39840
39758
39732
39725
39648
39633
39576
39460
39400
39395
39363
39252
39216
39151
39138
39027
38972
38897
38846
38763
38563
38520
38276
38043
37950
37901
37867
37848
37812
37726
37665
37596
37139
37124
37034
36995
36890
36380
36376
36248
36228
36220
36217
36046
36037
35829
35762
35757
35679
35466
35445
35342
34966
34928
34908
34858
34748
34745
34718
34669
34651
34637
34614
34593
34530
34496
34476
34472
34434
34425
34425
34358
34271
34265
34153
34144
34063
33854
33850
33777
33697
33621
33587
33519
33335
33204
33187
33114
33100
33094
32757
32668
32666
32565
32547
32523
32512
32397
32395
32358
31919
31817
31617
31573
31409
31405
31315
31293
31164
31067
31034
30946
30751
30737
30728
30521
30518
30485
30399
30279
30192
29875
29727
29663
29654
29540
29394
29393
29267
29262
29181
29165
29114
29077
29027
28895
28881
28861
28615
28599
28445
28438
28420
28159
28110
27953
27879
27731
27640
27600
27599
27595
27518
27503
27498
27397
27197
26941
26920
26914
26510
26490
26448
26408
26266
26209
26194
26191
26000
25977
25932
25804
25708
25592
25464
25441
25117
25025
25015
25005
24979
24860
24787
24665
24642
24420
24410
24374
24356
24343
24292
24266
24212
24063
24001
23994
23912
23761
23752
23651
23571
23554
23477
23397
23291
22921
22867
22826
22741
22709
22642
22605
22603
22571
22455
22345
22311
22137
22108
22084
22028
21937
21795
21759
21586
21536
21530
21247
21227
21151
21088
20980
20961
20813
20712
20674
20625
20499
20394
20234
20137
20133
19930
19512
19344
19327
19318
19271
19207
19104
19064
18987
18839
18573
18565
18514
18224
18071
17967
17823
17668
17535
17532
17523
17445
17139
17033
16862
16648
16538
16177
16053
15923
15860
15780
15665
15514
15462
15418
15262
15072
15026
14774
14747
14745
14722
14053
14031
13988
13951
13870
13837
13628
13570
13355
13278
13276
12993
12974
12972
12924
12923
12855
12518
12140
11974
11709
11669
11570
11536
11529
11522
11496
11380
11356
11303
11302
11161
11068
11046
10977
10898
10858
10793
10780
10649
10537
10423
10374
10287
10279
10211
10111
10036
10012
9866
9835
9790
9590
9313
9172
9139
9015
8953
8527
8339
8302
8291
8288
8182
7992
7840
7665
7622
7613
7582
7547
7446
7373
7212
7156
7148
7111
6724
6444
6311
6233
6222
6145
6142
5987
5981
5856
5805
5161
5158
5110
4960
4854
4839
4777
4741
4434
4396
4366
4310
4137
4068
3998
3929
3797
3651
3595
3237
3211
3059
2604
2398
2178
2130
2039
1969
1953
1815
1772
1705
1134
996
936
822
719
693
621
464
385
332
317
229
188
