866577
920133
796571
17823
981717
945126
419057
143076
272647
919538
499432
99695
253765
86343
353643
934339
695423
458042
278371
521392
525568
614355
125409
557057
811958
724472
609745
576838
772985
208515
289638
559511
897736
253335
665179
959618
521733
676865
108567
696207
155399
34434
799304
586211
627733
37124
628312
455281
645799
229125
247515
86481
717739
886696
369552
818009
907229
459770
813167
905826
523037
798301
93563
296846
369187
374353
977007
675241
437694
728800
961619
150955
93773
204766
171160
748744
637673
461032
418480
561955
210856
335179
925841
582041
8291
911936
299634
467690
652373
475962
219027
931925
944859
734970
987147
698078
436652
899014
637625
692869
815005
20813
920438
34669
805406
331937
893271
555400
501021
57563
405956
824292
974034
531348
826702
570282
976757
50120
463736
817254
120158
259724
281700
133164
315924
418162
398945
971805
505792
375533
132952
866317
877330
793121
893029
69145
305332
12993
311727
367189
667444
116757
671716
117028
794539
375666
889092
817969
41815
307448
226136
685060
44964
497180
148451
5981
974260
804998
638442
511083
163752
432744
107537
391668
96369
930770
294829
945558
420542
736702
134533
479070
589749
407169
156504
59675
311162
754235
143819
893137
799572
568974
303107
532930
722102
209424
353930
248848
130371
768750
663296
757223
880244
807227
743621
109061
383655
229535
203651
947047
699072
83532
151487
71157
201813
130247
359713
429150
465624
535309
430449
296954
693885
22709
161989
700072
551672
141959
190439
606046
636187
773925
334865
286254
978154
749343
440969
589638
864391
103226
627893
918964
213619
429542
879842
70076
603553
441115
776550
45057
545454
852282
665043
630745
518708
275126
783555
234646
726945
908036
253978
871610
211050
367746
662006
618031
373693
308182
297499
507640
733318
232399
388050
86776
759694
654175
635747
420477
452925
35757
573484
627630
246397
515585
158663
298172
252478
658081
287650
823001
567282
385902
666088
553416
624726
988047
533167
248003
586062
995404
890680
797669
692607
654475
111486
221621
948306
351957
531469
266711
564953
304618
1969
128329
254351
53487
486668
242567
724521
227131
922113
316555
995578
869952
471453
697429
337447
587571
436749
401643
516663
328001
859718
97099
471790
795266
840500
653523
693170
48106
898400
544652
217787
552602
50456
33094
846844
881805
408790
219427
613502
951261
914978
356343
660244
475792
711305
372117
96993
574671
669760
11522
497836
749955
788520
973646
929718
941904
753673
632261
592457
918044
635839
483682
665800
785479
834678
138254
14031
102515
339985
104055
277894
594022
689964
595209
201715
299201
672590
313002
992797
570426
534741
417053
111122
432807
889441
438094
238553
657178
500489
535899
705064
510816
985560
518835
359707
562700
226224
299091
599227
431278
872077
734372
918489
786066
945236
17668
163491
829010
812935
227386
467084
482152
24979
286883
275067
455129
987811
242176
649787
635280
649243
426965
221426
976415
232163
113087
373721
416617
219391
651065
958977
753862
846167
788873
572932
789098
95452
857409
47713
113870
861379
259223
783040
393331
498000
263941
102548
860906
307246
461614
342297
498952
748229
456293
528851
297015
829196
989812
539741
338109
536314
803690
642648
811477
475843
199742
442290
451224
577097
612470
15262
182949
594899
114146
450015
769933
837340
833147
27640
96822
555733
864313
852431
38043
500209
614514
171390
22108
451073
275389
788565
828613
970381
507068
591554
515016
21151
601130
49656
853715
517086
658056
730396
220512
790703
344659
105756
483161
602603
911772
702003
328453
812508
563710
586119
389471
550163
331215
204239
7547
470760
51970
198142
18565
967932
291082
357621
388200
513364
312576
730773
149165
264659
957022
849919
994427
854322
295478
355671
148584
667794
662458
160811
135364
715702
457285
913022
658591
386320
421741
442670
658501
363251
820397
248847
352245
948233
577241
841572
639628
30521
357602
956703
91071
286551
368005
656874
38563
623465
209029
69120
281690
847941
28895
758203
85115
450782
950221
342711
481972
854473
881659
105491
176306
534823
373281
785797
339026
861732
763184
50648
363737
23752
17445
988515
754806
925445
51222
338773
89101
847670
991104
632748
769840
13988
494149
372274
686175
39758
464223
282875
31573
785569
28881
353047
309231
78066
578237
188192
871032
486604
779839
375861
370667
194388
419961
364015
950001
521712
471913
410359
274753
843725
136676
660839
160626
195980
561652
379587
219735
431185
231498
879562
960336
236588
493442
219740
107146
952707
571273
245683
607205
963566
621239
888780
145031
421841
663677
716499
824342
398417
501449
780896
560881
826880
315862
662704
266641
174521
458843
899230
950436
890941
873884
439450
789174
844698
554927
441088
180100
92202
860334
241784
923769
68983
346994
157840
433591
242279
977000
425540
158761
209626
116093
965991
947527
417831
120049
167104
586651
60518
563471
806388
215996
193782
267137
934150
235376
794692
327566
675313
960798
936119
839009
744303
931112
726247
57419
84194
961845
378069
412586
599809
854039
151979
193415
943949
921345
825494
468178
803698
43174
363204
52551
15462
895749
115683
190379
86542
982408
899709
292977
619461
470996
888295
210384
602811
57066
255445
341318
257086
779510
818014
576861
891923
108818
539550
906366
156657
661449
205553
173175
841529
536463
46443
273974
532704
758086
726963
260697
539139
391127
295231
680565
520052
91786
200781
821064
653138
696595
861302
696425
328762
734924
948360
894700
645327
789015
241988
215011
155000
499153
694792
168549
684537
814905
73317
340779
778399
186803
986182
652901
604482
652402
246369
195585
578261
837804
783564
405335
628905
427891
859411
422501
908908
578346
234592
909261
873204
488641
485942
955910
388809
131627
621212
895138
824103
161810
938990
448075
678566
786360
134831
104434
97572
881135
568422
594854
749633
635334
440069
739501
780086
294875
140735
487087
478620
194162
954007
116981
569424
782035
519760
29165
641340
89458
389923
348016
748625
398624
691864
412625
26194
366037
392792
705448
750326
651692
160721
610120
438324
104320
28445
706360
698595
656104
374404
863915
823912
462002
479072
837718
851512
167490
641478
183114
608285
958116
544820
283554
310129
704533
942999
935083
612012
803007
454585
974024
708069
474744
153758
719088
585884
344288
48636
769848
850914
100087
448780
843970
488740
246760
611557
620059
435660
202300
90080
896690
121311
853326
506041
86640
47904
752483
363835
84885
624787
284305
286398
716556
608055
715505
169589
264106
654553
224167
155222
359834
317745
927000
650811
819216
747575
17523
467458
681777
943760
329201
300053
859429
516133
650343
483206
798049
969175
661603
172174
507803
821153
427712
723896
173289
740020
453388
195522
418504
5110
676026
96053
667073
240697
696819
83663
38972
597496
595399
412691
885452
542476
894231
19207
549138
645119
467143
64435
801980
286801
266033
106462
856149
964978
781538
370808
949017
788767
783055
571087
500586
169234
492706
576659
348313
476004
343846
822635
838946
269816
530261
549578
749240
414342
855982
789792
407219
34425
901511
981152
673735
614014
200162
388338
941638
36248
203320
298299
228926
658782
56880
588286
135282
516410
129371
550440
641562
955271
357652
309355
842928
761241
606394
254106
992800
560894
686266
292884
111647
685660
522036
548663
687570
116174
300265
173476
110908
709500
617412
45127
779612
880877
568823
205126
763462
815359
8953
434639
391507
253252
530421
484257
637132
884563
977041
263972
118387
437828
962194
56058
447611
22084
113020
282525
484687
119573
822559
990695
343692
601770
651501
418570
235232
100873
179698
372427
998891
189999
831509
752097
485095
862668
770698
157337
417208
338874
427867
817404
527085
922204
149642
24343
275799
479336
173283
190685
401395
677255
977649
669365
573651
790085
652008
596147
168835
150306
383857
473923
332856
969945
387490
698788
197261
676041
483553
117193
107890
299326
269320
342770
670209
111657
78146
494457
98352
240697
168880
241410
957418
591878
281394
255084
731866
98478
578414
28110
448830
199169
317277
379630
686439
935527
374900
137137
946823
174571
17139
478349
455322
26408
357905
198965
735859
455667
607187
912319
722465
616878
39725
506994
4366
395599
222171
413636
12972
654538
276477
640725
380621
490682
207052
612509
310454
457354
720382
515114
962526
824042
675663
766851
592024
994766
746357
966578
370628
718835
983885
33850
521653
570343
460121
483244
34358
786997
744551
823238
863967
215490
630370
840328
133396
158098
762296
128397
533032
30399
904192
211120
359245
177755
798766
244154
574521
41544
462727
789841
936472
276209
392108
949050
794662
884165
353187
84752
148800
25025
49375
55063
195664
763805
93707
818168
952071
623532
6444
209234
854866
702617
789091
804639
124341
186494
407298
969288
393630
34265
918372
269360
802730
240629
192977
469356
722047
475409
159211
815946
187328
779988
210242
442044
316805
872347
99497
656024
654389
78834
50969
969556
892116
898099
453137
772686
514182
215530
915517
99296
957398
558239
444848
405629
173301
922112
356783
378288
420401
353046
357886
617921
516893
941564
106399
435958
90828
339043
848983
732614
913179
548478
310497
976279
666967
134749
526387
112028
360807
268644
409675
927970
546699
123499
459715
93320
948985
119262
586306
45365
594239
720408
744470
891053
981018
883843
172043
952797
815295
591090
979405
930773
823770
34496
659334
481765
745838
136503
531504
387187
788758
919191
993021
162853
243488
391278
761242
666359
124970
742714
631546
903311
285541
722158
959846
193395
509198
687405
462018
206416
323970
358692
610654
145419
256559
243433
29393
770162
725258
840071
728266
704227
842062
448194
697215
940531
831712
920005
452024
993784
223480
270609
295856
288541
220952
335805
774483
114850
886464
818431
533934
530461
811560
118326
270847
592303
494737
395340
949538
117028
565390
796209
961991
110320
521372
689462
460131
80200
670872
930844
991504
626377
261581
536101
633479
144924
256637
907746
626315
827133
183102
764838
646678
688582
881105
805544
200796
417534
657172
614795
526321
862242
271213
465532
15860
919093
731261
81750
670087
75524
42249
592753
877396
494086
754140
346894
838502
90833
420789
833835
912513
809505
344525
129450
775340
172925
314031
297301
537387
107887
406446
403957
366133
96191
421364
908848
967145
461758
637677
427939
776466
324762
467778
327086
456021
654225
251942
436807
325201
349470
53798
884489
535175
250295
441303
680200
942540
990905
62856
163816
875874
201893
442051
697645
938764
459235
44630
372029
47354
764025
935550
861260
466747
99187
501587
631715
361545
590449
914960
249381
499803
42481
546074
674321
200916
624201
79355
857364
366166
440261
966551
189968
711061
801714
278738
464
882360
554461
344103
265411
506269
648789
526557
518537
909948
749776
494182
924693
84128
562525
620788
53503
723653
346840
173530
776311
974361
945371
470285
237822
923516
372395
688559
166216
257410
385791
810028
105940
749793
473714
768986
37726
979900
764604
107044
420468
566470
652195
829301
907438
166970
506867
108225
891073
967783
15026
530712
980497
585556
196268
661887
456356
431841
443984
377472
449058
148041
422282
156869
897705
696438
936907
934055
444565
862340
39939
166102
58936
64346
390048
133409
947460
532277
987864
656013
856696
658892
758475
61595
197210
991271
432314
428796
83973
245308
856883
550361
791016
512646
283272
301463
732706
609350
544620
886785
711374
181529
63215
893802
191352
641900
676423
957867
980611
436117
699987
796742
209406
216729
994315
188033
504828
690219
62316
323303
963266
668353
86305
698763
940153
934303
959776
6233
906442
177856
643971
222120
90976
478922
888615
499585
342025
656809
513708
433737
432864
552199
20674
565895
816425
782880
455380
535859
842073
292179
804675
386322
500802
685451
97279
117325
509122
785204
77508
517966
700240
405543
307772
544911
315633
193067
767689
440806
510572
661578
91697
399263
661637
684544
113997
786065
428946
640972
163511
758651
844829
841025
819371
18514
416543
507288
549395
455104
613750
441285
713450
557091
510553
63660
926972
780003
443630
47083
306729
61439
587348
545409
923971
499994
416629
609071
85115
886320
289954
828269
266129
459144
327498
391656
515736
511567
450292
433345
489827
489527
781144
875757
513183
92129
560299
585928
916371
829981
600393
940049
549932
140934
975917
242490
722560
761572
820205
544085
685502
756722
574079
438683
236099
708310
908885
340843
536003
739636
525185
530874
34637
622995
627339
131557
609014
399294
692224
904744
33621
80569
114147
842302
488339
853233
922549
506679
510892
135166
367298
749674
68960
138012
159470
117192
934871
662080
282615
11974
414639
510929
868196
630301
538364
602162
804467
172687
838876
907247
744299
728806
811509
253693
546091
194632
494559
635941
52748
252601
475021
515579
444856
756012
98412
46439
231714
245657
38897
775738
632077
993708
413460
79465
587689
137014
751889
959852
717467
614480
766013
327014
7148
762134
603519
108191
115112
311391
183274
469651
614817
963151
53128
731993
870806
720565
703477
733757
219775
320054
329342
115956
689905
732531
32523
316974
207989
159576
468581
679645
510320
832752
999443
567050
263508
364505
742677
488182
17033
287508
197524
67432
930444
663396
763320
11380
952558
414205
788822
682369
563972
19104
345060
270499
941991
879230
696805
44958
660992
454328
158736
583112
821814
951875
315209
933468
909719
153286
313675
219100
138385
909405
420773
474464
552332
960896
269692
414571
565044
336233
193307
135633
815983
464318
898868
355573
476022
889256
118656
26914
234806
686413
92277
939711
810847
211749
78401
115424
659244
46676
38276
351368
664715
69823
114757
577839
628848
652417
186683
744976
748274
458307
199896
663319
570884
171439
957089
620841
974552
377012
836043
120703
979419
507193
449754
799333
951256
213683
465969
455647
328225
248364
774005
251743
83426
186555
483113
26510
975711
397064
121711
429960
324437
97270
96357
262231
731217
193298
382379
152091
352610
724028
426565
91084
69398
948082
921616
547514
96178
545180
990311
6142
203066
673575
126117
42309
81144
125084
160793
61401
354711
955806
456080
874879
34530
416896
286748
491974
603088
954070
39840
171554
539832
441062
897257
582400
623627
630781
295763
183294
311944
283630
823643
869037
490048
316540
672847
887129
835618
125125
129247
755671
459452
497421
364185
789775
694510
58531
453673
145887
324301
274942
766410
435889
907127
784088
750172
751420
482067
293916
533389
819736
981499
878912
423157
322590
346976
59357
303939
626553
202155
231079
557407
165135
108138
470838
570982
988714
870990
400647
271328
957126
124519
91185
703532
231816
837878
124207
223741
60338
439552
136095
833089
907101
677365
914893
956949
232352
996855
422274
172463
259181
294580
726385
68432
888844
143379
543890
347747
161797
576457
947299
169327
839907
917458
360628
493113
469408
943665
571454
209925
729931
436617
475351
183269
678681
304121
249846
30737
247490
423605
755362
759906
771487
960734
71788
932248
539817
539034
108469
246119
119816
484024
345492
647303
165901
725110
663546
836753
373044
424530
352511
347132
352868
207353
225014
902817
319285
10423
35762
215355
282257
149796
371609
554550
815090
652496
847504
683864
625928
214087
852090
70416
11570
161715
531449
640300
575791
434004
993948
918264
270008
73766
442335
788932
167180
884297
685967
670070
356382
370552
116578
875036
782630
596419
121407
843125
731693
190340
199297
667469
340957
53548
895864
588240
13837
826278
505790
434939
825981
383485
242274
189467
976753
427241
949682
148541
489884
60355
155328
540052
773903
335497
305305
796462
278095
524696
908458
115749
425666
922427
288464
6311
765789
636392
998871
479357
994003
116532
237614
636366
170462
286043
869499
19271
282816
557249
756545
119094
810760
807749
851523
450003
348697
453566
40064
118615
718592
59906
647074
584146
584296
778220
245716
498359
979774
170520
328945
22867
645345
386245
197487
685985
777836
979653
272640
706028
32397
10898
911492
269691
46294
154000
655777
713177
709643
860524
919030
63388
96615
797255
160893
313148
745687
716638
128978
937745
582243
134768
299861
22642
594972
16538
19344
429969
683493
512164
341672
353180
303581
393024
276917
517235
453767
514948
170002
936
619419
539274
614282
966994
854473
489773
522996
465474
714317
68734
385086
361982
124177
127925
974928
471058
984423
247833
791282
238555
776948
57706
707852
108178
185231
93641
930189
774043
705503
584789
591095
313110
978924
349059
664555
112147
576697
818240
337432
159795
824253
274913
315398
724975
950035
424801
536996
451002
22921
31315
475276
176115
324332
165135
183442
264686
651523
659916
818716
271239
623280
183155
901644
436650
54366
324196
646901
861030
467616
743146
462151
442076
550023
516673
45300
495801
949737
739317
324858
776160
13278
399941
955789
722013
526039
838511
892846
728065
34153
312685
168909
57934
72886
559224
877039
392559
426995
742350
227263
589037
114078
938682
673335
870203
965139
742881
497633
683280
720807
694627
936067
869589
350466
858968
217294
542245
609530
949598
595153
344138
592186
107486
149055
176180
518838
652855
408989
371099
165495
462327
589940
919306
33335
808760
771148
211888
548282
590581
870012
786319
640665
500277
896153
380568
992835
296023
150704
811853
957294
482408
698076
591242
679565
240140
286096
11709
739262
812760
645440
655287
721040
31409
745974
758021
506081
585069
626882
755858
837142
700330
116063
170043
349083
336384
394253
39732
905992
910694
488697
588126
769965
109765
463313
135549
10287
996847
136309
320455
200915
471706
446914
32666
44994
62212
220434
630508
194643
7156
671516
736323
429911
926072
930555
367707
140790
944858
585139
252485
979340
663661
369967
734582
764592
601906
903299
749681
521216
848829
709907
430851
594377
278747
659234
195362
429278
379080
618606
818106
46339
84544
325675
370727
834436
939532
738451
808382
768241
927650
957663
930696
915260
745353
32358
895728
408072
567113
869378
94600
332571
191489
149527
121917
29394
188485
702673
628419
569387
434012
571098
795814
981977
440877
870997
10780
665028
729155
187852
470436
154533
252029
269595
62676
590966
564137
134926
22605
185730
24374
831369
864779
306058
228113
162637
677117
390375
7373
977502
486419
350066
492112
557839
470731
869525
740098
262914
906768
686923
493563
646859
960783
516489
462895
548877
521438
393003
754040
208891
949111
405067
308080
848546
796654
700663
498097
707846
614009
352049
897031
585938
958375
853638
86579
110993
721269
282925
694662
384828
85151
208405
429552
204331
519916
397886
102121
661283
611231
24410
702000
737503
519107
34651
804743
232022
40363
426099
549706
435122
589669
555277
334614
870512
620917
90997
243225
896777
737148
546073
155769
243697
839434
320584
914618
674560
452732
112847
834923
944479
852367
284532
94651
364815
764304
78175
21759
398540
394758
393914
257370
379910
981897
443019
30192
268832
279751
955248
974522
176185
660176
561951
785643
607035
334327
484822
584015
105841
485122
99388
783270
408496
504318
321496
984638
733357
632934
983667
488193
415668
905703
466249
283500
411162
646208
256458
301176
984758
799399
898007
543184
144617
25804
926911
811832
581304
823182
967831
802340
292956
546352
683118
566317
2604
327101
857335
876460
450719
769192
587856
987596
738402
327654
502258
184845
933276
348600
691283
403767
975976
421226
828360
995280
650416
505472
830126
363540
631723
978710
624411
29654
793563
477228
751099
547869
448593
80942
885777
331849
685045
843478
95692
622856
637178
948516
2178
663380
341931
374105
714122
321441
757994
69744
734472
462871
792309
449725
238183
889998
543484
836984
527858
582134
948487
164032
835864
790885
140468
264223
342681
594681
889423
933396
595030
213081
817281
277785
849062
461716
733836
811124
39138
510458
524522
147197
527858
736190
895761
732117
864849
160855
824362
854717
948015
287251
405925
598245
109582
219004
610537
589706
249137
735410
155191
455559
606462
522508
729674
97973
648163
403051
370388
11536
764779
102413
84280
316430
610310
605347
368222
393897
425977
348609
48748
579830
176993
533487
649548
362058
788389
485107
61917
699043
827219
815046
694144
148155
168309
821447
73219
379305
163977
75650
395226
726597
670678
63809
114195
772038
663472
471562
933297
589471
679578
693066
643076
435290
702536
214580
30518
39648
446872
46907
467437
615564
88391
568649
949648
604308
956767
279261
988318
557711
354942
661852
305700
418614
674723
812664
229015
499792
161086
727934
743807
332650
751051
247832
612659
116239
229051
68294
803404
54252
742708
949577
734956
435350
394579
108370
836661
856211
941215
689364
441945
676085
505790
411614
678241
248401
950266
792154
367329
24356
103876
409742
873766
543680
243555
208829
709935
100401
46288
909732
666008
431011
51461
815398
439083
756582
491887
146012
610661
510049
74672
26266
304101
888838
957563
260581
647645
238520
203506
501277
993982
145275
477109
614275
689261
897044
633561
324855
544115
771767
245682
259171
303100
985600
511531
540451
619298
347175
516978
235125
865478
931692
519414
334635
615661
829721
935276
92691
640252
112301
611012
482560
618912
161251
930791
190190
598237
970059
451532
890164
132241
657565
284346
864432
434051
438639
979267
198330
144490
550694
476108
532636
160034
983183
907748
450401
547633
342941
973240
147312
861037
308640
917417
766791
132380
82697
182538
196410
679192
192244
747786
819083
391645
278512
396724
617782
864381
955885
394231
650892
143893
930548
696817
580007
773987
809993
137940
53888
551829
77543
438046
70903
34614
672584
193253
274779
456618
332573
643087
630544
688774
95473
343497
302658
73819
112342
353900
367361
41206
614203
54616
366035
4434
652464
752275
603921
92289
179069
205299
554971
202930
445093
649199
113217
900131
321692
752957
676151
13870
435504
764479
926845
948284
364910
366857
547333
639692
170624
70559
123154
612599
293323
302828
942513
434477
105251
358285
836508
118635
867659
568420
310277
231967
440622
97407
968027
960087
188185
733024
205183
510852
195179
610884
723694
609093
190722
574402
95657
576306
688849
559608
157475
490849
493371
121216
841771
93991
259835
742944
355095
617835
602911
550583
672402
251205
826865
260534
758387
983043
736866
830317
933649
539609
860029
152092
400622
796957
420578
957480
229027
654908
429812
734457
500001
919634
578192
137964
826825
291103
266583
988958
941488
387083
52269
276303
371173
670431
181776
517203
666421
760246
358829
700539
719
494785
777191
779654
884852
135237
12923
133890
952459
630439
100265
558944
327324
45091
944441
543134
608162
245077
790898
848614
460790
156131
364635
643044
726933
304654
309327
658056
707650
616159
940949
516853
299870
307293
34748
545687
227389
147035
291040
24665
61391
882437
380854
44932
747043
490803
616467
414874
196681
415684
587112
531406
259743
616376
762320
828084
195860
173206
513582
494674
149840
172894
111152
188666
122847
494395
592254
624322
448621
36228
497890
316020
790516
497343
69340
597550
476377
436685
766973
955772
463652
398988
810641
964323
84608
78847
683776
830538
747318
990250
236062
66147
76393
868555
659464
740563
260638
26191
399540
495828
153472
347410
151731
206451
544648
292210
837101
208095
915324
701777
663454
139371
407722
889532
568437
24787
18573
261104
977106
548535
573233
846698
556380
943306
594258
729481
634844
351403
61491
508506
3797
353368
416066
4741
702522
938994
211622
279824
98906
994591
114337
330947
540425
266844
628941
208936
207710
246252
938693
703033
644359
891557
629514
583530
56170
130608
186383
896406
617799
553564
945961
182190
144945
232436
433942
229703
989107
618635
557215
75228
495987
590002
136538
185494
897419
933817
509823
900896
842942
496455
992359
311565
636603
427926
509490
356521
546283
65680
708689
404513
668777
92355
878981
238825
839284
362928
451784
837761
997181
814884
202113
743654
492377
878103
314464
37665
722780
907355
603437
892592
621169
128327
593303
534279
199782
67457
149384
892379
157278
216514
531584
717404
452343
945569
298976
952830
451419
243888
454690
413930
418034
449497
680895
589858
584538
577006
901342
669072
143224
413100
728535
722501
225557
103559
437128
661932
271353
279255
865826
936284
293184
776326
326004
514969
37139
3211
3998
129985
254477
940897
130974
867252
508080
469359
83060
388864
624266
170344
616896
473016
999187
332572
271698
334620
117252
588821
36376
759880
427701
344684
225385
390829
948547
956064
993982
235168
871617
907362
494897
372345
978594
106122
604493
864169
749165
804525
776076
558115
754878
686110
587684
60724
845958
810614
196533
939089
15514
524643
275124
728414
882344
145474
246136
646383
888763
374576
243756
869713
435565
552220
275522
659580
847694
221027
436511
640818
809659
111410
710467
771028
460684
823151
181969
371480
880586
773006
259879
439223
116128
666950
483107
992001
34908
987002
431267
602839
193680
46433
309401
513661
67404
744277
609955
746701
604537
561733
397087
694217
306325
801144
806925
511956
229735
925321
239117
786675
294572
854230
935062
924955
548105
601251
529380
317424
70895
956715
134701
882789
664496
467410
314998
168910
467273
522668
236774
878207
24063
387035
506008
852368
866973
853078
925462
72557
329855
303286
193533
747752
552344
235387
542174
732675
568653
229484
435509
260841
112220
317719
758768
736089
593927
297622
783327
301604
375889
639670
540348
318634
415003
849080
843235
223260
993895
913444
916583
489567
197954
403994
593121
378069
95510
892278
85381
571487
996441
229525
8288
743738
418539
437518
283890
135839
399663
142314
789102
653440
929195
701354
679164
199504
609783
126697
628896
522781
228076
179179
254497
923984
942621
327789
512280
608657
972890
753637
297268
215864
383132
987341
991994
257796
139356
751912
630310
565767
621100
930312
256725
806888
188784
468402
171185
182692
942699
281385
72800
281536
114193
566900
752359
981652
460001
193192
359427
307891
896341
269521
390208
264710
423208
501810
240168
198662
116905
264054
351850
999020
779356
390127
902581
4310
348109
817068
436236
440188
716382
335956
493488
430569
466396
667033
859540
475256
662948
849331
579058
915065
222344
889853
14774
466831
102072
762191
406933
828625
239823
78655
161694
568359
600572
123714
321860
720990
114467
860310
795429
450272
656538
75835
206813
765996
434860
983106
40929
127723
323470
436032
748332
77875
359394
953131
925166
112815
82427
98253
657838
368198
847599
471356
790208
427763
102484
777894
719910
492069
766774
729065
427611
110095
854972
73018
684052
792539
873128
956189
738271
717023
28438
291563
568194
793804
101152
485278
851686
993308
828945
3059
900235
716610
685800
993246
674791
305437
44291
813422
788122
493386
389110
513687
782848
664661
700896
432684
479546
445972
506235
274497
413528
162388
748595
708038
249023
555421
385391
408666
80228
423708
971210
928406
33187
301203
912089
110543
981758
248230
239785
371720
224345
376225
780059
865543
952936
952221
300510
762460
427878
194464
399608
968150
174279
51925
520832
34472
790815
999576
978718
661280
238818
835256
404944
552924
716911
555727
653016
879431
460246
57452
233785
739262
397837
855967
537816
758757
498952
466071
884874
864352
610577
18839
228750
789079
481146
111643
743753
627496
657895
560510
587077
726049
791163
432543
631517
22826
161744
527558
611590
156048
628165
916105
841831
909617
658742
554654
821083
912120
235826
732757
706053
649324
592354
771737
849703
376104
437255
115883
586521
149727
348164
626868
892037
70328
737254
417408
835738
665322
436648
113803
225638
841636
790165
707517
53173
743145
792098
597450
285748
371151
473947
506683
921551
774532
426869
415680
670300
705152
159724
739156
10977
715798
356873
702615
12855
995541
20980
279263
201918
674679
797245
426329
876941
662843
387652
525380
797036
224358
116380
463017
697339
750312
217809
281131
967018
503224
932031
640045
322188
324645
733189
849385
907053
386035
34928
71867
894328
396971
144790
651804
968233
270948
533379
785683
651151
987186
180816
875199
72167
316921
726576
587793
719264
635386
821674
615682
917246
287286
734831
356948
133636
876037
245351
742559
841457
507801
841731
467617
120419
933718
491374
236141
719346
831338
836211
843931
148492
173665
762703
67144
939664
916330
381782
224176
376832
646005
602276
780047
335439
572448
585697
576026
903131
399505
404564
818781
919642
404490
492550
244376
653668
108808
852382
290331
417329
494256
184850
336395
845241
958538
905319
300309
879085
400227
537346
52612
697051
658338
908556
214299
110773
326149
442394
158133
473742
924805
239453
199738
261056
912176
500414
554718
385
759452
664172
185315
670857
735990
752509
962296
505988
376246
237753
938376
7840
276383
21530
47601
24212
687935
148422
305522
784225
788054
823443
947937
608278
847276
380554
787565
587673
263925
612554
29727
301621
457473
450589
527263
742680
420063
332195
894313
146680
715504
756346
476690
663859
428337
856707
97591
511254
932723
272546
980849
862698
943231
931080
785424
665219
589004
423997
265121
425809
821757
641357
463357
849925
319881
972777
346329
795387
819231
281930
417032
48446
10537
666884
700732
851551
458683
725092
878794
286905
476164
215192
616927
621416
217979
43739
896314
575432
45140
877214
537669
421212
156265
189866
693
531876
729606
586021
851802
875445
110147
989504
194320
322204
567480
58817
536007
51036
630021
578999
482898
798612
150568
792069
765770
894602
898318
678072
161374
619669
315380
186680
115965
267440
973896
771805
330122
696401
466389
303616
253674
135514
840672
356755
665589
524045
25932
911523
89332
890661
903563
895637
298694
831246
60558
555227
197027
354444
771133
20499
764642
506840
220593
347682
940750
747514
391878
826132
379405
948875
747830
67779
150610
795054
869852
803391
70975
821402
455669
932589
381533
182796
575390
76426
647599
701591
266694
104969
756660
778333
487972
128285
720562
253077
104610
596126
148650
388862
60814
126133
15665
370996
680585
727580
984323
339208
280541
290327
605423
210002
988503
728134
271550
822914
10374
490858
673096
128614
129259
358809
542017
804389
151506
400156
780014
361571
421173
682368
279481
231529
634924
83037
249266
666449
621731
223909
60358
455961
764688
862570
201674
281594
485312
805157
71943
51951
973748
664876
984072
279514
812188
277452
893321
675266
624637
816436
215262
803194
606027
227081
424962
209688
89950
444170
441616
732347
950275
481476
635276
211594
981280
211620
442162
42461
738216
905917
355808
581945
60338
113793
552066
491560
447166
547807
701561
470237
62269
448727
983798
297902
734186
659154
818836
646412
388710
885631
16862
156450
748829
507838
570255
964403
386933
757419
99816
282716
707911
174348
455099
84958
721447
319740
362422
169697
457879
723035
532793
325562
165735
739112
771101
396920
462341
235612
368388
361741
994316
999514
177498
140177
895439
199466
51090
516712
39151
749812
807768
996371
296164
654500
150357
545283
389399
353643
319350
359945
544412
319622
68837
143137
659873
48889
412298
865702
756433
643587
627384
894028
731041
175643
123879
347384
65562
354827
874597
5158
872233
889556
357967
352201
153458
621016
51840
974924
199736
641734
904891
498577
827818
371490
364396
287424
492770
976844
192728
867685
904375
684297
710401
334558
492847
877855
277638
178932
144211
394517
801429
29267
945837
968851
128700
715372
21795
241635
172070
992366
811074
376593
91792
837072
654835
941132
420567
770661
258151
947045
527421
448810
313938
539075
648574
275463
299569
814804
9015
973041
548253
288409
475297
518302
166205
31405
141021
219866
112660
71735
189773
764617
822613
72719
10279
42853
562754
87786
574768
426356
340432
566176
519474
822835
595784
117421
686748
370900
200752
505298
368085
631409
958854
189844
408594
836396
980041
552029
244081
391676
20133
880895
905234
812542
289305
766634
868747
475813
904460
792635
207065
571060
282424
250396
897340
957422
431669
987083
22028
11529
527148
738169
319897
171132
964096
276842
534430
625968
541041
135768
929369
322789
669165
311499
387058
179469
834677
361519
628351
640611
633608
341040
262906
654421
875695
621735
831020
961012
727785
386175
483746
612258
989866
426676
983520
702390
111735
300356
825067
889418
849090
236553
273859
895949
799006
869367
310334
463081
861311
616380
931498
314752
749974
661801
92268
397521
473594
174012
127160
770474
553272
817325
654826
13276
127182
357434
374992
331921
872127
339548
476769
809103
362104
395396
512060
560197
481791
746414
986203
210589
358979
279745
784256
852459
904950
123457
105201
919496
26920
708300
303058
639540
363882
723850
934562
494364
599002
333878
154176
492277
11303
264102
161048
805596
580536
498109
736975
157198
176278
975349
582844
177182
810438
867893
492663
164308
667203
287609
743782
352429
342256
37901
39576
928021
10793
747966
42797
902493
828981
214259
875523
196856
874202
403563
842326
334226
104534
552558
229966
298345
816751
416395
37848
947767
694875
587614
352939
872662
948480
119279
270480
444535
62956
462875
512956
691803
34593
71029
465510
392696
494302
344166
242743
720722
78064
923714
661995
919896
663757
485442
919523
792648
437069
76046
162016
421979
89013
903500
595615
142874
89585
154299
872917
651619
872790
514080
105544
573624
744406
335808
341809
282223
363107
883586
867381
207201
115973
409978
388890
930186
619847
458613
468944
625401
829879
257858
434554
662483
865874
249767
83556
690274
106498
123730
585046
216821
422242
466758
995422
494632
582180
650786
292333
517985
979589
528493
31293
700262
370562
157855
936162
586739
441558
204917
492915
987631
740983
45262
989672
606550
991193
386611
263896
462946
596654
535313
524726
738637
477469
123644
124943
646729
272136
176495
689056
257266
696732
126963
953042
102673
37867
670388
444566
714921
652539
883577
403003
856329
98858
616419
294597
140917
417494
901091
873885
500269
805384
711957
947713
727228
791910
367610
48171
285687
255367
793880
866499
61727
556719
689828
58185
559949
461348
862662
432142
731767
751776
955095
382048
625462
779338
891099
18987
39927
75818
352546
900627
467259
352508
787244
618047
649000
200558
983839
157236
825054
909594
354700
774350
204688
518984
295858
753478
770071
376058
473334
510315
372211
606686
575698
987468
287769
405446
9590
595753
266953
465111
562542
294744
364675
119077
157982
994851
959478
436884
251529
787583
730838
54078
13951
571485
591688
535930
391473
204983
718989
562966
183194
166398
653592
818876
11302
883465
667329
682389
143649
973284
139099
339263
549350
937927
914919
794290
893776
735538
624449
172416
805131
702137
716969
239694
144328
661405
794331
976300
984987
620075
341910
413447
940753
112493
578443
562545
571022
202141
202923
767701
139470
59086
855189
991811
606959
364405
123707
582547
603642
15418
629397
778981
265115
454371
741549
324153
332714
669067
697411
896199
235385
533369
610365
903920
994874
700811
75562
395557
560198
33519
782169
176554
492694
354818
887025
638289
28615
736321
517533
570668
259637
163719
977210
313596
138273
130277
303878
832386
958704
859132
259317
657780
935628
596541
545054
480641
134418
905388
679363
543156
752966
544468
126438
722211
155444
282741
733944
396243
974893
573005
556900
255271
477537
116007
674175
226018
487545
969247
542263
602081
855154
495611
885724
395586
390494
372060
654478
354658
634937
370213
447512
154352
884349
226538
226556
991647
675395
703569
540638
362894
986301
734161
725345
730302
754535
183013
204251
288951
871383
363862
632606
214380
550772
642924
916559
830537
188945
630826
299349
706921
412386
23761
616837
30946
661887
772701
329284
856318
166875
125730
78268
290466
640417
156961
794240
34718
163974
635876
991623
250907
52641
738580
987779
709725
594725
908360
726252
931592
371028
653717
482779
303543
883875
759929
497527
329230
796796
82992
974581
518094
613994
106030
588853
359164
853553
847036
763370
160331
7111
607778
351539
711729
977005
807342
757775
88872
463292
625947
937268
925047
489307
37034
566256
21227
35445
685385
105607
734327
554654
899065
583645
590343
5805
341724
992946
547808
326955
623386
977301
219813
921913
811996
429429
720761
520942
710067
130642
99048
548540
981725
246919
151508
64827
501864
411397
782836
196881
433315
33697
607198
325626
567650
97737
714169
803502
953995
960580
102127
637527
117186
917521
274843
948883
576353
628301
597681
509189
528074
934195
805273
729033
580429
367459
270503
937608
207336
447482
403132
23554
43584
60050
604299
714215
432918
167792
209817
239642
462838
345510
600709
473098
524502
170372
324425
53914
694083
24420
475991
501771
678391
38520
446838
22571
953572
579458
312766
11669
67797
164775
844665
185294
909297
995874
269899
648544
357751
394799
263217
949401
953349
482723
118603
512206
612916
70749
953353
608185
591094
271275
69158
850551
686985
59241
78933
820966
508946
398461
80165
894587
573884
533616
383817
262294
289770
270934
101051
9172
873919
120975
147705
433864
933423
849242
988581
448426
482053
521595
140836
325077
309643
491815
159415
525309
840889
861590
499439
206841
421513
854921
393293
931585
617505
849304
187007
348047
889909
757434
585219
277439
461164
271709
980880
855338
382856
588197
660055
659221
578014
489168
729280
154123
808414
658977
309216
209353
219239
365237
960870
852465
965716
887424
686712
134151
820727
502757
797048
859311
5987
332180
710565
703346
455189
748299
516632
664708
493854
396188
155653
19327
461720
674094
53221
631994
79005
964487
295351
164663
603215
149919
167474
621
789192
349184
451858
503187
868575
176954
29663
53110
737836
677029
448886
492959
84553
871458
472322
560814
602949
273928
625443
358672
831158
858196
228424
190510
578820
675951
765714
366566
764894
361839
57493
27498
627886
127828
27595
246692
345725
969154
780155
750761
767443
817614
711215
515352
136476
375611
891111
281868
814321
640160
498825
64818
297535
427111
601125
921689
480365
982218
618725
407939
635003
420850
870572
87624
962579
878456
238429
391978
577115
938906
240235
768936
203949
900351
276070
29077
751544
453968
39460
728890
814521
308865
734070
329947
415337
568682
857442
299818
236956
327031
605417
672945
849577
28420
332
340823
116818
869988
380384
292409
972459
581830
25005
557754
995057
707730
190368
928166
847323
354380
339769
921191
378614
829746
665521
542365
466295
647137
292936
360566
964824
730957
654170
280307
175532
976380
132095
261203
296254
444787
54522
528682
374662
729187
710099
545906
404846
411885
142986
7665
670883
25977
838188
283872
67710
691989
948443
322547
497261
253042
742326
837119
141637
601597
418102
296098
315137
256450
165765
528184
69383
591565
348127
704628
912151
373224
278980
692804
57990
66445
310988
748698
980223
316583
707572
767369
617916
891318
101538
703705
111978
429044
669366
753354
121423
532080
545126
716078
589392
970547
423866
999544
789698
131574
863550
637557
855100
918303
980389
747774
50388
336668
178498
123063
354606
220920
285603
299014
520689
360317
147113
956898
516775
571389
916875
974036
965894
587835
170650
717553
317
541878
644740
266508
459246
18071
94695
443122
975573
357815
95956
716268
626191
967856
828237
917359
133793
679584
148055
66639
294592
762042
848900
560662
320152
507221
616924
212053
92188
581646
132945
680769
172143
726809
260893
290861
533586
249071
651179
14722
911569
876868
117965
33114
921245
492049
205715
76648
486198
428812
717232
134207
948459
146912
47537
815180
586277
247668
761178
992680
237007
836991
411158
479835
671413
927519
462506
624096
168160
893378
830136
397433
34966
380762
837276
942797
272933
673002
856075
567637
105932
401021
905546
889474
135972
972881
593707
600974
642394
916702
931395
74876
237167
939655
285991
543177
205984
305432
546096
708592
406068
729897
35679
556471
323384
449241
841397
586765
596427
189444
633598
261406
38763
176133
294262
823681
501633
988891
378924
782140
140127
355787
690085
829605
126549
977633
723031
183529
202941
195434
48337
760823
807248
229
546026
40188
735948
216532
922727
297777
327349
56616
883863
335658
136985
983684
347393
143281
718150
481607
963988
754105
870702
904303
131316
75199
49465
769306
478740
697446
265415
320868
165036
736596
19064
774543
128272
37596
592950
677158
896937
601272
430829
286094
598559
696502
643182
755707
160758
713695
715228
385432
305086
635919
834064
855754
91687
869744
490422
579906
429093
734357
8302
309312
955263
878328
788299
430737
822
330425
459433
917536
331520
423777
976978
283888
42963
919767
402911
730402
246190
835096
599765
755806
77553
607074
61910
89755
521450
760503
320291
826255
620884
435140
772900
9139
830640
344345
914553
746876
643486
639709
32668
773361
684495
8339
782766
486827
356063
211850
206281
106587
850900
350233
767454
105782
97292
888866
694619
379804
515791
990362
158896
269791
545680
840242
720441
106854
829788
420217
645052
106905
955214
866909
533544
412760
353263
36995
620300
737220
623343
890091
758445
248924
312005
584276
705793
105888
339844
870269
812100
876832
506268
161319
553989
197872
136432
67312
804535
545221
177925
812123
10858
319656
259507
729560
101859
345238
133621
460268
491515
895808
922227
882683
778993
943938
946202
616702
988500
147265
57120
878363
518531
268535
112399
854995
476651
93362
986746
758383
122517
242158
631625
522249
604489
551123
657471
291455
695525
356398
588937
533699
469272
192985
840174
748111
730259
206802
974606
385201
961335
268093
491787
93270
781019
114489
153419
710178
633082
292500
292809
296574
145706
610427
108729
806217
298941
870033
228530
887358
993671
868449
829474
561406
604853
818307
965429
714124
674524
138919
982742
121625
619328
943290
689307
107643
522156
857042
320179
457401
92813
131046
17967
292326
328562
378097
103419
712540
408121
906682
578800
942247
803658
226485
201876
846676
401873
248283
850435
236235
760133
336273
415688
619962
175410
237501
907641
630668
466490
7992
7212
410549
733311
78713
779964
839169
596759
209789
386436
704117
788684
125065
237111
185091
471997
410561
388806
349591
356595
812445
947899
575755
836516
348567
608387
836339
820458
821359
124599
836612
240889
11046
804949
915500
996
361877
960835
39027
214151
628706
490473
861752
383278
208280
398694
757157
799174
673531
418743
551678
64642
997701
19512
897362
698112
689144
851098
321062
174738
351036
142853
857888
228829
280053
152091
255792
488669
574571
539461
297040
528660
739439
480701
169708
705188
57217
516518
714848
958386
604684
85933
27599
394134
990963
517330
386191
457208
895680
990021
982685
930760
711072
792606
922666
678571
913030
648146
515324
829337
777757
146768
885932
97058
251562
510476
383291
764399
902528
240284
427069
918171
119151
280502
223864
225212
960070
437803
884462
545673
141672
63063
684107
187534
620480
731910
637004
565258
581959
526108
898095
406448
586882
843593
279900
688661
303996
662178
978466
935053
29875
203080
367135
868960
873099
728715
944584
255982
572973
148474
547644
845607
898695
470770
170708
976239
102140
344652
911515
706906
98371
785308
4960
380538
747713
121204
758040
667928
590169
573228
683503
264320
618463
155688
799195
153522
604701
643401
44247
374856
255223
687316
20137
448891
149449
182415
830506
477293
315473
236186
32565
634316
154709
484406
567429
532272
700456
624473
777303
255965
283945
347246
92654
722673
192851
948545
859201
201326
900893
784529
827530
99305
685718
34745
630499
545647
651579
477231
786354
428830
252389
826627
378002
714875
741473
694551
138494
421905
632154
97709
614978
170937
266340
250370
861867
895565
188048
861367
530399
966797
889909
429943
656141
581019
30751
858273
106195
941600
752285
720820
820162
226583
796528
541799
277414
30279
740145
612690
240484
365138
517366
53143
780714
147386
153021
692736
986518
616521
127890
780425
13355
371492
359593
756250
262691
677466
416327
229824
307882
704353
253705
676695
629157
215180
645769
101837
516923
508150
191898
335039
469959
725387
647130
662074
698067
834455
622580
995105
661192
41630
916690
723476
990515
250170
801507
129867
271602
589865
138765
815709
483223
438558
829088
853002
914168
670833
598034
407456
988506
807569
742084
790706
59622
22455
146204
368669
155580
573018
545594
440657
221479
665443
744181
212353
285287
300778
880797
808224
427039
567561
113580
39252
540231
690006
489738
384377
799944
975444
700361
523858
983847
458508
760502
335469
397278
357612
978589
726419
27397
551715
414466
111930
667813
778279
103736
993211
415668
538337
831866
551122
27879
178808
62649
716076
840152
978612
602750
948974
87505
482118
761266
262312
632728
755171
637453
505717
1815
655083
941337
957250
763400
841896
574047
12924
271333
864940
423863
604428
542387
752735
279807
642247
69708
647959
939656
662042
9866
960310
959517
220641
838523
572070
726385
859384
985937
903244
755566
432541
456213
219933
146635
733294
148892
811470
753036
976358
761784
444828
812991
292164
311594
470428
987629
820843
593854
759057
93820
773846
273832
217860
395028
356257
791734
402955
417393
253818
242724
921045
637418
415981
797597
112372
492171
681312
833795
417660
396165
856083
597442
853466
417531
773574
92068
920051
29262
623539
743442
825842
671900
82272
805556
180551
457939
18224
111382
848588
134210
461083
622771
794587
768926
159437
864306
838457
619786
109779
131387
878664
297165
504650
817075
465435
893221
347678
106963
501924
888340
636331
26490
228153
758488
278105
598598
672819
631428
432114
967695
130086
620485
545570
382710
386541
598523
164226
100005
857203
862401
458617
586576
224222
32512
36037
973932
858708
489748
853887
960084
261476
982771
156724
286034
14745
754575
210693
357098
591764
604838
979470
449386
638401
892359
690446
477159
599112
212113
784300
314825
404096
679231
971590
813692
225091
695953
873534
651767
420393
248660
978190
56694
866567
115081
766025
877278
72507
494409
859166
905846
213583
96087
825771
308198
448271
430519
865166
364297
290815
183816
441125
903527
131022
79274
91357
103821
201425
433817
82776
62889
893882
814548
406987
418851
588725
348547
311802
551781
362091
600621
276324
619877
628897
724873
83547
35466
23571
235518
590639
455968
447158
102479
498707
20712
62594
533089
77175
301666
210062
281104
489940
228247
367411
359520
328589
395279
788277
809104
800483
548677
719940
577646
5161
373597
806994
436654
10649
770722
614074
246391
302053
712313
105238
273985
298778
213045
368886
872847
345262
451938
110713
798357
85098
239549
204017
120948
782369
765768
403400
913038
700130
392920
726734
143414
468061
509443
788974
977407
743681
542321
843614
622544
809354
880940
532235
99332
856144
8527
454576
680667
31817
715285
11068
9313
210721
103403
412911
52500
355568
740104
943066
520460
153355
900564
142224
299328
828645
326072
509800
919177
66585
340108
989656
388922
355381
880618
157816
628494
714182
962782
864495
665239
278696
53739
590791
139338
35342
667501
962249
88453
727759
351536
483901
514560
600397
891077
406496
638523
826272
586080
749259
736393
714380
520109
454281
944471
771661
829510
760445
790070
460491
662391
505580
526716
741741
185714
804443
654643
812380
128822
533314
521288
562970
744766
170949
306639
312360
106679
707617
392404
83200
543259
711823
432983
712063
41256
926560
933864
231854
217929
407599
796708
402711
185245
685237
809898
821766
310511
463290
102279
424109
623877
216105
992565
249459
858480
722340
766930
334598
838716
115707
715469
384403
989376
735423
220253
248659
34144
736353
982521
102860
725632
649893
226313
904488
517936
466102
245690
118206
102377
196032
250914
710798
400979
646328
597078
987146
2398
437864
81194
340266
761067
283405
708405
430037
820487
629122
745561
586437
201819
899502
794908
393580
183639
469101
279035
881595
430175
837222
80850
605414
474082
288431
32395
84992
74548
83797
600292
722704
828868
211455
33100
894016
470578
212745
679479
560577
622790
139703
371763
505269
552592
354430
116110
301332
180593
480100
710036
958218
306246
201630
896005
31617
610028
901849
784082
930961
461441
932239
269067
432303
198983
47578
212383
625862
234528
588441
144196
954593
777993
47155
7446
782161
964897
890159
56696
355926
813638
886706
938049
783389
433487
680328
411962
40528
768897
170690
291978
289301
499322
200506
315653
252010
443232
581524
648789
815192
445129
177572
63249
799197
588229
389071
987938
205923
84165
265716
280855
661391
83838
691421
829701
7582
247804
732684
784293
515616
355819
678747
134623
326686
747055
405197
454973
955853
516681
103609
371794
884939
281056
795682
818742
933135
920492
313947
507101
627013
51738
20961
557824
735366
436129
659089
659633
419459
36217
593230
886200
647034
764084
814460
827784
90789
967135
414676
575188
281528
548688
587281
396114
305908
76007
339276
428700
462546
870612
63394
99908
542521
565815
478811
176584
446136
943789
534455
746391
742778
596437
24860
79665
221194
486373
505077
269916
50346
290146
734510
21536
603773
287144
221135
632984
411262
894293
384731
499858
849364
946752
583251
675797
716322
774425
438876
723852
547335
637455
13628
264104
593452
353471
888448
974882
633008
995528
829719
988410
920383
461251
734299
493464
455394
937255
944828
227227
621159
813464
853608
418733
972391
272446
263602
602809
334378
500434
62499
725341
310300
478663
969459
729941
96771
433263
28861
677964
120784
894852
11356
686623
272599
668714
315928
55028
395947
894840
488910
820105
577549
413965
244373
280972
661013
309160
307712
342504
195197
298579
449202
650312
754080
477916
430816
667349
664773
193365
977383
26941
723770
837937
287689
591682
430903
454453
523207
758585
728080
874178
418549
237943
689130
975816
930523
58990
201582
598390
229849
135661
435451
844544
404539
779397
973106
457295
815767
945073
433776
710634
970544
316028
462366
718029
160930
103078
152111
206626
592935
381760
561524
930371
681177
106544
586449
882334
25117
507879
316450
23291
982033
238763
290748
156050
899354
435714
62511
957588
918676
291957
862064
725972
785355
8182
240986
626916
526503
242034
591795
734243
947358
777699
724748
876247
158025
891376
987175
730881
311717
309610
115656
89831
209677
211252
391563
145996
720451
79255
141113
789959
151198
487527
987732
546082
890952
935941
973571
83357
180636
401663
55289
423815
628039
338594
24266
593793
719583
863551
471515
650641
741733
955503
521279
727485
136139
753577
94320
7613
812657
764557
972051
732145
537180
728354
846681
402269
416643
490537
431774
31034
206870
897894
33854
478031
671129
72504
351601
740116
284949
491572
667793
327433
998169
866990
664435
109451
576182
596019
347634
931663
812308
461659
681073
869185
961474
670197
550778
766264
436359
299297
315779
106041
741469
821195
26000
736470
924056
793444
137903
347940
385094
758875
348184
235551
625790
254652
754943
992409
578338
938292
593713
655663
272128
740333
72491
78679
172653
645932
526167
123082
69522
891324
47801
673898
617737
689064
643954
578337
803603
924760
656231
820627
730035
907139
934603
576640
227677
215539
923633
75798
196178
939935
204904
345138
77523
317602
42780
160581
39633
559258
411733
700910
898306
851455
788221
136106
389243
399309
505302
407238
495406
415788
671481
821740
279906
105392
914751
425598
228201
568774
537324
880634
888490
761476
955412
306912
554273
968538
591841
111520
562198
954185
117732
658029
201309
962507
174390
6222
231952
984106
409770
217982
94856
271791
937976
559126
319941
544883
668320
583513
702398
929435
486450
647857
48360
656387
28159
34425
767639
300335
931920
43655
135441
760305
544567
226763
503638
835797
282082
255471
225259
664838
301172
745415
189397
197176
44714
963537
39363
459745
203347
637632
771753
520720
945346
756203
161165
613808
56813
85084
512870
889677
194179
248059
568101
213841
461728
314466
943391
529950
309613
427894
511932
707719
514509
695285
382249
851998
108268
261784
114175
573438
302734
728353
66387
224390
105183
159619
91467
52063
702961
289640
497118
283372
232926
902634
354811
454482
46882
61531
954550
657986
484602
25015
836965
580196
808227
557141
257516
221737
813340
444413
793866
470970
580915
523262
753654
369498
379574
344199
998814
62954
268449
793607
212761
362276
27503
924562
702251
297993
585126
856436
766276
482681
693401
660052
965325
908130
681631
499258
286717
600365
300984
127922
992012
396901
950686
898190
633138
759398
582820
304654
382449
706832
842871
430700
2130
568498
181826
467281
809211
684615
828387
307825
218618
500223
333176
481649
478623
733765
477455
845598
176715
686686
404467
311504
880792
979131
188
825305
798068
437032
580820
40318
754925
858456
486218
928314
813641
495884
21586
561997
900553
303235
514991
673610
394621
12140
886642
367149
450673
574470
769583
634800
159056
293965
732801
528324
489408
378464
780044
968235
363121
688502
914642
70678
444628
103628
946679
445025
149340
343781
789100
403723
515084
891348
549374
247112
568843
185508
719459
385388
501972
782273
535940
761203
720708
172832
101926
891325
806407
363957
500661
484226
758654
784919
896739
470440
27197
186612
413606
940132
703845
734087
435824
781852
547338
710792
341961
200232
972279
101448
600281
29027
733076
704161
616521
197896
276215
447471
813545
533565
885916
814048
639678
533322
91321
962543
679831
924125
885864
508332
805628
875226
194702
391575
512523
155262
543257
699272
809195
383652
873690
291894
443464
716418
36890
143180
956590
801804
281251
165088
281625
943088
457777
143467
959575
994588
71109
141189
798436
300196
400693
175357
93920
747784
884142
187510
657089
871952
749783
797655
533723
584069
477336
264655
774425
62988
289859
620296
135034
200806
287581
458662
506543
692324
541595
155931
935439
889354
4777
880927
683064
244717
266720
99656
160640
956806
292244
46531
180025
33204
418357
953058
584740
738453
137124
516746
417666
422170
922064
937058
677862
262877
439434
822975
896898
62022
564686
822610
92886
11496
355700
77058
647062
294542
441013
649149
692507
500477
601515
216829
247579
502284
862321
297710
498489
605350
387148
536006
907442
195858
366232
539023
656877
647268
911273
3929
938974
59711
483931
486388
756135
264747
370123
893374
846118
10036
218623
349025
609546
5856
252858
403601
162538
557672
768227
3595
918912
393206
288651
290999
121102
414388
885646
179976
73489
937718
786975
1134
213859
332695
411546
991894
706247
207040
269812
433693
710421
627327
937453
133851
528985
590605
232962
265779
242674
690817
261056
312878
398470
845719
593382
709192
635065
86064
280960
386927
527694
857688
880425
683788
262223
475580
244745
241320
249508
301878
511124
651683
349474
730090
812029
650459
764309
56743
553089
776051
796849
48433
223338
244114
859104
284238
223360
643417
303473
816200
975924
225884
672206
67641
997502
519831
796750
232331
799316
676019
195982
376743
610477
998963
429568
440863
396173
111613
359470
916437
419274
944156
698780
19318
368179
474239
213360
107173
567053
826613
559489
195704
982018
868416
951743
44337
139483
918383
762228
92858
947108
183884
248208
788528
36220
311485
23912
631889
174591
200458
658254
749815
593924
403464
58451
465712
566201
896331
645674
246454
91954
314849
939248
459187
241982
458992
127477
542172
147846
685464
743295
784135
257412
932511
300063
796006
666922
434201
935413
655497
783357
525755
908801
394818
448831
360833
491190
99177
926378
353171
53803
81010
773567
918631
328478
912611
852264
783100
86627
136544
290485
92994
219838
155856
642260
628133
145773
639328
316058
84004
992119
94009
359315
127884
403289
469086
209583
409752
484395
501017
130786
46570
150424
307283
840798
122487
431761
630456
664366
236154
437222
349246
289328
61075
170052
960611
505623
700354
99087
826552
823104
450960
815319
29181
518378
535649
652765
723862
891389
706763
361926
287224
523256
122483
724877
266776
337756
992834
964463
922431
765099
593174
388015
855897
289359
953550
521158
28599
896519
912642
22603
127205
211038
37812
560289
331170
462734
873843
97139
729942
426304
11161
346140
917957
451934
931904
565077
230625
1953
574126
67314
69707
335747
79254
413546
275400
269051
486854
947764
336879
166024
898623
267251
772873
410248
237772
129707
467040
716965
521606
850328
395646
481867
87985
217597
651552
365744
467542
539568
141209
958919
273287
443646
830688
390130
240804
204374
41432
392203
252131
517904
473137
628194
124144
21937
364826
48846
150589
359719
328797
993063
821566
980565
816827
471137
974279
72408
143063
164767
476281
339749
310790
733216
732419
719283
216307
891585
117584
402458
855969
801185
350647
686709
994001
724890
775118
573332
988673
809388
136904
678658
580948
684363
339753
825857
958908
254141
608639
677250
187335
304514
747413
382244
577182
75862
689795
525098
34858
748837
215507
621692
224833
351584
642476
137755
177873
194506
71162
975831
36046
852000
610880
738421
27600
488370
176298
844598
670946
30728
324044
922032
106608
154110
76662
371433
416453
108160
329135
802213
706357
190794
780232
253605
575282
788261
108467
972054
672300
744612
504996
631659
233317
803907
571118
518509
499089
658501
826918
501349
531739
924827
703964
870219
282651
108392
405985
22137
512655
281935
617158
829865
846435
20234
871535
558207
455622
862817
825496
744705
535877
728495
507643
281135
377349
815380
369852
402713
758136
384733
95173
687760
27953
760113
301753
906810
333429
953898
639152
442467
284591
656172
129419
475924
119764
246406
738460
539997
316857
892456
54998
849204
174675
325610
39400
903093
278272
182073
220427
728463
925537
803153
555514
178659
564284
527076
723316
483977
434299
988777
633110
676815
869610
990070
864430
170066
863007
596535
995256
109130
376362
260262
944778
749408
673210
725937
606590
25464
409296
33777
943054
308828
925385
134414
67104
623292
805653
41503
573069
964354
283743
396594
865131
909016
64433
152491
546050
99610
977311
406234
98089
27731
63597
356882
344105
559156
19930
818245
204099
946004
763554
589579
448853
427182
449821
451103
838423
571721
851430
294358
763168
61989
213623
374049
275733
825659
723008
347825
914176
127998
590321
388819
622541
141375
547845
463609
232091
469542
727246
882259
683694
363184
417972
479424
462172
804512
943319
574011
542660
36380
741692
993076
686029
380945
943973
512600
787391
639551
111403
658252
503695
935943
987728
783537
841883
395719
847985
76879
259342
523850
346087
784736
48117
917242
304177
632085
981188
39395
106496
597310
983875
88782
795507
794255
750122
551564
482327
933988
999023
273344
719724
402418
411732
885231
314355
382692
106141
138286
24292
174168
902899
240146
374988
179449
170968
141380
686428
229540
976790
20625
419468
542633
813953
991387
281256
727763
779051
464381
667564
679675
556263
203316
31067
810517
553170
105173
544761
937685
521929
205415
952276
921301
734457
581519
63709
211073
442363
323122
846590
227754
829746
812497
184714
642070
800332
364623
918981
312246
773914
101703
858301
854183
697509
463308
747499
515770
904459
301720
223391
443952
433076
294359
178545
321159
301864
773985
611389
222977
840379
775835
476126
943867
6145
512747
589497
750057
144517
889069
714765
862041
538943
466832
265804
22345
475757
308815
973076
362323
235698
789230
474243
804818
202023
120541
358699
303803
123903
472043
259222
968930
928271
20394
275131
209790
471125
583150
287793
384183
351372
42787
627148
485500
670425
110956
431439
360454
156212
41237
853883
29540
831004
244896
780081
374251
792012
859973
777264
757997
298356
771891
777675
828702
277481
377011
258389
592208
340885
152773
1772
894895
149195
373812
565567
274718
408909
757689
348648
61322
289687
492283
175115
972713
697164
685824
31164
878519
650048
376816
449646
4137
223346
572297
848231
527581
816424
467221
268468
178983
272966
793885
642791
264114
960574
807806
220833
186665
854687
525270
729460
493255
961775
668534
415180
180167
760557
168774
343520
216764
390647
736115
306124
208589
931963
783122
839665
859791
605050
126020
195841
431970
94829
270521
451932
32757
424020
490854
227636
115726
46560
246416
915532
612913
717809
56162
756844
246781
552375
712550
146742
640469
780363
501676
957871
239434
540170
881507
478847
915814
535195
224159
406044
606239
170705
759705
660069
857160
466393
667429
159082
657651
403889
385838
933724
132098
663600
85801
555394
263908
882108
943052
41318
811847
523096
319106
545007
463615
307993
315709
916087
313628
456711
900601
873856
235699
6724
45329
167459
194416
426095
93508
853264
64906
31919
55402
196199
938435
241955
257581
763846
25708
999320
960985
925493
241117
346183
284008
166684
985495
813986
256598
685000
933841
229375
705127
524523
185129
594336
184686
742872
616610
727053
484845
571859
893429
390390
626958
345059
269962
184979
426313
815174
51879
743706
932215
891664
602706
887268
595330
393200
826820
742987
196809
56905
658735
200579
151101
282001
768620
992001
147660
242247
253971
603481
500397
490761
840800
825428
442814
741515
143632
142160
746831
461573
926803
183423
900795
392301
430342
881958
993874
360146
548084
787142
897548
289762
615218
608807
178391
324237
434418
645169
928575
346888
866915
375422
760913
22741
275810
464720
123878
99579
537709
484226
779494
70758
455091
241714
324633
175403
691060
152253
485957
944586
811306
160225
183058
271633
421680
412884
26448
45482
516178
944535
630698
321175
47012
775075
402672
472145
959439
975961
975445
764294
828087
782799
255840
879288
133539
811803
833831
489488
738115
895763
852234
523265
384210
225227
82738
58672
938756
47018
17535
225629
550615
522583
23397
289826
46846
823898
666386
521613
457241
688595
990649
134500
978497
465811
4396
702923
439489
860073
711666
58104
142800
775704
441672
812848
85816
735234
820920
807659
23994
601610
750126
906590
661575
788402
71958
534674
738785
760497
21247
50840
743133
578826
951568
730115
984636
148720
536651
604013
435595
17532
598236
323885
905169
311676
750679
292192
173425
187582
154303
603048
790434
929854
202441
475699
510501
200790
940054
310984
202661
519292
324141
787362
494592
617918
127981
403966
72193
141492
793174
15923
190995
159553
916762
462128
543663
71220
287399
706653
671027
791296
557040
678564
869084
180121
246157
456146
313310
779636
964879
683300
442352
259969
514016
289372
579259
983774
73789
198140
148783
631376
549900
824475
518894
473895
522541
663904
563655
162161
221152
154415
139102
547806
753486
533315
175315
254112
70262
504449
423676
355586
104926
880819
731270
447709
341400
760575
232944
635793
21088
344867
9790
41449
984562
906441
530544
517013
74562
188701
804886
525727
317034
254857
385837
944953
98597
442445
679149
690803
15072
114946
982718
57988
360432
672303
86760
984201
633087
197064
429049
753012
371896
911941
798112
64955
903289
625048
505642
758641
629771
686602
167814
530453
655677
898953
619736
764264
305988
862318
679461
476170
316402
531330
135095
541116
666473
260517
373398
889433
591964
366235
939379
535527
787542
592660
217818
875414
127351
782530
579124
114662
960000
289985
218875
366864
638162
81695
543654
501520
23651
230229
82089
278689
259892
365207
311508
448683
758718
196199
535202
34271
632007
117729
586381
869201
375709
140314
1705
12518
540066
529701
744369
968251
91545
974762
174636
742939
776086
316556
890223
900596
757319
658650
181843
610623
245491
421686
77607
616626
511837
811564
456746
423809
248430
526410
186770
353643
475128
947188
132762
443808
293864
732563
672812
179312
567405
691146
764870
380362
766791
131978
898688
100590
641500
24001
448426
415093
262100
232009
49304
514179
250570
673337
953182
531511
422986
367368
686570
193476
537937
268104
319550
302129
677501
295944
849962
582185
932176
763951
474525
811543
353744
149895
233154
896224
558151
949965
816259
578917
272363
793199
374495
423224
533445
555316
389162
184125
64428
422957
987566
452884
609690
588500
225472
798870
143435
944171
527819
471639
939601
62423
664606
977431
472076
246287
842235
611540
103027
185319
978213
871247
7622
14747
281183
855924
909157
430472
426679
497387
984127
121865
965151
173441
907025
637023
951963
812986
995358
958769
993712
577148
982775
439600
71963
126104
179277
293762
260106
86860
899669
876306
183246
807976
673029
372333
192015
710638
145606
982571
401799
362496
906841
10211
177588
855222
992987
542674
275578
655794
235881
373195
655525
25441
247011
941205
187980
512139
871045
986171
848971
279043
761057
233536
37950
941931
62802
268570
905214
666114
431582
137336
830311
983382
16648
554679
766673
801189
50007
636468
138994
511558
74379
124601
443348
791344
85353
284070
16177
396765
282298
245260
482926
975012
198921
93417
811996
78842
585657
600784
341933
313969
51117
113136
542280
964745
538031
777681
49811
824868
750541
397635
895906
53855
594986
662629
27518
136893
116757
104094
708712
848797
773328
709340
173237
118571
780701
874120
747498
919103
700376
35829
359997
529448
30485
491205
945501
450882
852115
224546
303488
821300
225359
44347
809846
737715
84756
515238
353078
538735
546918
473723
581798
846351
401133
804003
135021
250495
834172
426070
872268
625302
261548
491922
134067
580458
257864
805398
917866
815289
648071
762750
238158
701276
629493
268977
306890
267550
521970
311563
990634
603807
211761
188977
10012
179341
275880
894860
795331
561908
999715
276975
816992
815539
275453
327522
602201
474893
575647
151472
828635
401054
609663
713168
664536
188854
805846
617893
482288
740860
724607
761802
803626
473297
843582
325991
699529
652756
702548
22311
242652
60938
130254
771381
136302
482525
566112
737233
478825
46234
345421
315900
188614
812018
136965
813364
851288
982154
546450
15780
360988
967724
658968
94134
431997
214888
59849
567101
840243
90717
607710
718350
617797
352654
38846
604761
633758
338458
851488
854740
334107
277434
985587
924217
429235
254732
603223
512909
74139
777438
951381
934491
412070
466066
408455
448678
92275
703281
574660
796450
636808
641321
751477
405401
946218
532288
593920
252133
190735
85690
729844
62773
239743
363078
981653
108901
310547
431182
646880
100731
856381
656470
385338
706435
817093
632709
302510
728465
194057
488997
132851
465137
718582
882259
224606
877178
911712
691733
662187
791214
599222
113161
76260
10111
481142
9835
869167
196776
458115
482301
998754
164496
400787
337153
531868
482493
992334
590204
705704
407463
272902
155468
666771
225886
928471
227220
730747
361587
71545
539325
399192
620096
898514
118626
349301
835605
836024
475179
689320
915956
528815
482268
344371
882017
712933
787459
45255
334462
864950
209449
966992
795614
739628
664401
175702
337254
990690
133076
153864
665652
12974
632904
387528
569466
715828
156659
307848
99246
919421
844399
417193
622313
505549
983576
721461
644706
915927
702623
300061
2039
403032
808079
29114
260914
946018
189428
827942
337367
557418
607843
910802
902474
951179
726162
122713
909346
110810
612437
638079
920249
95081
45890
862674
45481
620856
112890
952604
513038
256542
345635
738323
784327
899571
24642
198159
908519
66929
938036
785543
487188
134371
519434
589012
300221
268598
728265
346707
750368
423953
601308
990610
822184
453286
104722
544015
54389
409435
717686
613031
4068
302756
251001
314410
75880
510335
368560
573280
216885
298809
461778
251705
483316
385274
205178
369436
593151
495673
776759
729102
339585
628930
294140
927791
785125
355069
134491
34063
942325
389569
63666
33587
710959
832698
291794
537535
47270
545643
945864
636574
130941
874622
954764
240826
940314
315240
882137
734539
494665
232997
923761
395960
750805
688817
668445
281156
4839
42844
567454
279131
731533
873460
582960
838850
254556
915004
609978
611918
970196
16053
860717
503106
112282
395174
40439
571206
142576
833058
358192
961513
752391
514873
935427
806304
469463
416237
185296
419038
859000
817432
122941
390535
997339
406469
173104
520397
66985
680571
910024
174612
687117
931949
792710
331100
646412
976852
546631
580412
565714
192384
543914
900619
285296
114274
704698
476275
372021
337399
892014
924326
580442
281507
14053
408785
711812
335259
546805
545239
507283
285727
615792
130986
725418
857045
249949
392282
707001
715763
768894
63297
667486
811841
265217
538699
902840
289213
777337
50937
599899
60056
450643
182393
137432
149435
892638
540433
606949
4854
132482
499402
809062
566800
390712
87853
556107
215780
997918
302376
677181
968285
722122
932674
448249
974025
876795
847838
106147
470514
491240
223742
827939
645353
592204
379168
820988
123531
32547
367573
557401
84586
25592
766672
360199
886096
521233
884270
497046
854635
164121
911764
227876
948018
880448
102647
280946
903415
176332
419184
471218
390998
229029
3651
427398
483597
496730
409372
39216
336709
251178
530003
482722
522972
490735
242490
814565
669283
663555
719983
760708
357345
518510
356292
653156
139147
905424
94599
510627
723190
119501
381924
114171
156068
283928
829908
23477
173919
599081
194911
818685
861553
69291
380041
269154
631473
514539
583008
535782
134183
453652
381531
146471
614024
429694
768245
162626
26209
862482
865836
323491
790955
835742
107413
738513
755699
838919
34476
947375
907859
320545
913414
512830
785784
609112
109994
210942
797181
909334
489298
873003
710967
480563
66009
877439
144192
996922
147466
630850
640264
425678
360888
385476
913369
444822
198467
764439
517845
559180
152123
82875
856839
226218
636946
217391
354134
730720
852289
471176
324396
467592
526717
768739
653756
122971
302485
81796
673708
857858
892637
303798
421476
570713
285463
750361
939683
174169
263806
40173
3237
297805
578171
607471
63554
108157
880855
392878
676633
906704
252256
62174
905117
667170
979434
198703
343634
749068
471072
418691
465615
172132
492720
962330
898100
256240
603060
537415
234181
277001
977653
635327
841602
414802
73895
128009
337269
494331
562799
194068
503295
335114
13570
